/home/falmeida/Documents/Git_Repos/plot_nucmer/recipe/bin/1_and_2.fasta /home/falmeida/Documents/Git_Repos/plot_nucmer/recipe/bin/n_rosa_genomic.fasta
NUCMER

[S1]	[E1]	[S2]	[E2]	[LEN 1]	[LEN 2]	[% IDY]	[LEN R]	[LEN Q]	[COV R]	[COV Q]	[TAGS]
14	12677	36636	24077	12664	12560	89.13	4164906	36648	0.30	34.27	1	NZ_BCZE01000072.1
13501	15231	23667	21931	1731	1737	90.70	4164906	36648	0.04	4.74	1	NZ_BCZE01000072.1
15539	19015	21584	18158	3477	3427	88.08	4164906	36648	0.08	9.35	1	NZ_BCZE01000072.1
19190	24771	18051	12518	5582	5534	91.03	4164906	36648	0.13	15.10	1	NZ_BCZE01000072.1
24858	31602	12499	5748	6745	6752	91.75	4164906	36648	0.16	18.42	1	NZ_BCZE01000072.1
32664	37274	4598	1	4611	4598	91.58	4164906	36648	0.11	12.55	1	NZ_BCZE01000072.1
38592	55901	24444	7148	17310	17297	91.31	4164906	34809	0.42	49.69	1	NZ_BCZE01000076.1
56110	58916	6921	4114	2807	2808	93.24	4164906	34809	0.07	8.07	1	NZ_BCZE01000076.1
59080	62516	3943	489	3437	3455	91.78	4164906	34809	0.08	9.93	1	NZ_BCZE01000076.1
62769	68220	26430	20978	5452	5453	91.21	4164906	26664	0.13	20.45	1	NZ_BCZE01000089.1
70098	73893	83799	79985	3796	3815	92.44	4164906	83805	0.09	4.55	1	NZ_BCZE01000036.1
75365	80044	78551	73905	4680	4647	86.89	4164906	83805	0.11	5.55	1	NZ_BCZE01000036.1
80390	88181	73598	65825	7792	7774	91.23	4164906	83805	0.19	9.28	1	NZ_BCZE01000036.1
88294	100744	65814	53449	12451	12366	91.14	4164906	83805	0.30	14.76	1	NZ_BCZE01000036.1
100847	118824	53347	35343	17978	18005	91.01	4164906	83805	0.43	21.48	1	NZ_BCZE01000036.1
119176	130962	34991	23228	11787	11764	91.98	4164906	83805	0.28	14.04	1	NZ_BCZE01000036.1
131997	142470	23151	12615	10474	10537	91.06	4164906	83805	0.25	12.57	1	NZ_BCZE01000036.1
142944	149929	12399	5446	6986	6954	89.64	4164906	83805	0.17	8.30	1	NZ_BCZE01000036.1
150123	155448	5331	1	5326	5331	92.01	4164906	83805	0.13	6.36	1	NZ_BCZE01000036.1
156080	166961	680	11542	10882	10863	92.39	4164906	15296	0.26	71.02	1	NZ_BCZE01000117.1
180256	184013	11522	15276	3758	3755	86.03	4164906	15296	0.09	24.55	1	NZ_BCZE01000117.1
184207	188972	65	4769	4766	4705	89.89	4164906	14294	0.11	32.92	1	NZ_BCZE01000120.1
189055	190385	4892	6222	1331	1331	88.23	4164906	14294	0.03	9.31	1	NZ_BCZE01000120.1
191321	193033	6229	7940	1713	1712	87.06	4164906	14294	0.04	11.98	1	NZ_BCZE01000120.1
193148	199315	8063	14291	6168	6229	91.03	4164906	14294	0.15	43.58	1	NZ_BCZE01000120.1
199319	203536	1	4212	4218	4212	90.83	4164906	24024	0.10	17.53	1	NZ_BCZE01000095.1
203777	212499	4785	13497	8723	8713	91.21	4164906	24024	0.21	36.27	1	NZ_BCZE01000095.1
212804	219898	13909	21021	7095	7113	90.26	4164906	24024	0.17	29.61	1	NZ_BCZE01000095.1
220002	222972	21023	24023	2971	3001	89.19	4164906	24024	0.07	12.49	1	NZ_BCZE01000095.1
222959	228209	13418	8136	5251	5283	92.88	4164906	13420	0.13	39.37	1	NZ_BCZE01000123.1
228499	229959	7884	6425	1461	1460	94.18	4164906	13420	0.04	10.88	1	NZ_BCZE01000123.1
230155	233789	6202	2542	3635	3661	93.20	4164906	13420	0.09	27.28	1	NZ_BCZE01000123.1
235103	237232	2076	15	2130	2062	91.43	4164906	13420	0.05	15.37	1	NZ_BCZE01000123.1
237252	242627	10564	5187	5376	5378	91.87	4164906	10565	0.13	50.90	1	NZ_BCZE01000132.1
242667	246409	4807	1050	3743	3758	94.72	4164906	10565	0.09	35.57	1	NZ_BCZE01000132.1
247428	252108	4701	2	4681	4700	93.03	4164906	4774	0.11	98.45	1	NZ_BCZE01000150.1
252109	257845	5739	8	5737	5732	89.96	4164906	5739	0.14	99.88	1	NZ_BCZE01000146.1
257817	263713	5916	1	5897	5916	88.98	4164906	5916	0.14	100.00	1	NZ_BCZE01000144.1
263686	274685	1	10968	11000	10968	91.00	4164906	25504	0.26	43.01	1	NZ_BCZE01000092.1
274764	285090	11100	21434	10327	10335	92.03	4164906	25504	0.25	40.52	1	NZ_BCZE01000092.1
285249	289035	21605	25403	3787	3799	91.55	4164906	25504	0.09	14.90	1	NZ_BCZE01000092.1
289784	293208	3430	4	3425	3427	90.48	4164906	3994	0.08	85.80	1	NZ_BCZE01000154.1
295240	302577	7343	1	7338	7343	92.17	4164906	9285	0.18	79.08	1	NZ_BCZE01000135.1
302570	307383	4	4765	4814	4762	90.04	4164906	5584	0.12	85.28	1	NZ_BCZE01000147.1
308184	325159	16983	7	16976	16977	91.46	4164906	16986	0.41	99.95	1	NZ_BCZE01000112.1
325231	341868	22	16624	16638	16603	91.37	4164906	33287	0.40	49.88	1	NZ_BCZE01000079.1
342207	345945	16962	20711	3739	3750	90.80	4164906	33287	0.09	11.27	1	NZ_BCZE01000079.1
346072	358579	20841	33277	12508	12437	90.71	4164906	33287	0.30	37.36	1	NZ_BCZE01000079.1
358589	362724	15925	11875	4136	4051	89.08	4164906	15930	0.10	25.43	1	NZ_BCZE01000116.1
362730	364678	11777	9810	1949	1968	90.20	4164906	15930	0.05	12.35	1	NZ_BCZE01000116.1
365748	374342	8573	1	8595	8573	91.10	4164906	15930	0.21	53.82	1	NZ_BCZE01000116.1
375655	384471	63807	55004	8817	8804	90.85	4164906	65454	0.21	13.45	1	NZ_BCZE01000050.1
384586	388426	26170	29999	3841	3830	91.23	4164906	136325	0.09	2.81	1	NZ_BCZE01000012.1
389114	390907	30266	32046	1794	1781	89.94	4164906	136325	0.04	1.31	1	NZ_BCZE01000012.1
390998	400741	54633	44903	9744	9731	91.81	4164906	65454	0.23	14.87	1	NZ_BCZE01000050.1
401810	404278	44849	42454	2469	2396	86.01	4164906	65454	0.06	3.66	1	NZ_BCZE01000050.1
404527	408663	42410	38287	4137	4124	88.87	4164906	65454	0.10	6.30	1	NZ_BCZE01000050.1
410741	411959	34673	33456	1219	1218	89.52	4164906	65454	0.03	1.86	1	NZ_BCZE01000050.1
413187	415918	30899	28157	2732	2743	92.60	4164906	65454	0.07	4.19	1	NZ_BCZE01000050.1
416152	422240	27996	21926	6089	6071	92.46	4164906	65454	0.15	9.28	1	NZ_BCZE01000050.1
423142	425023	21003	19117	1882	1887	87.18	4164906	65454	0.05	2.88	1	NZ_BCZE01000050.1
425754	426772	18612	17594	1019	1019	91.08	4164906	65454	0.02	1.56	1	NZ_BCZE01000050.1
426933	428914	17456	15473	1982	1984	88.52	4164906	65454	0.05	3.03	1	NZ_BCZE01000050.1
429030	435284	15382	9117	6255	6266	92.81	4164906	65454	0.15	9.57	1	NZ_BCZE01000050.1
435685	443996	8773	530	8312	8244	91.69	4164906	65454	0.20	12.60	1	NZ_BCZE01000050.1
445283	459660	45965	31687	14378	14279	89.36	4164906	45970	0.35	31.06	1	NZ_BCZE01000065.1
459867	476872	31395	14386	17006	17010	90.77	4164906	45970	0.41	37.00	1	NZ_BCZE01000065.1
478132	492074	13973	21	13943	13953	90.20	4164906	45970	0.33	30.35	1	NZ_BCZE01000065.1
492128	498733	10	6619	6606	6610	93.03	4164906	47750	0.16	13.84	1	NZ_BCZE01000063.1
498919	506840	29485	21575	7922	7911	91.69	4164906	99591	0.19	7.94	1	NZ_BCZE01000030.1
506943	510741	21472	17670	3799	3803	87.33	4164906	99591	0.09	3.82	1	NZ_BCZE01000030.1
511641	513940	16796	14527	2300	2270	89.81	4164906	99591	0.06	2.28	1	NZ_BCZE01000030.1
516901	527053	104988	94826	10153	10163	88.11	4164906	136401	0.24	7.45	1	NZ_BCZE01000021.1
527564	529212	94240	92597	1649	1644	92.55	4164906	136401	0.04	1.21	1	NZ_BCZE01000021.1
529374	533840	92437	88019	4467	4419	92.67	4164906	136401	0.11	3.24	1	NZ_BCZE01000021.1
541092	543082	1	1995	1991	1995	92.50	4164906	81498	0.05	2.45	1	NZ_BCZE01000039.1
543258	547208	2123	6100	3951	3978	91.99	4164906	81498	0.09	4.88	1	NZ_BCZE01000039.1
547375	549916	6297	8852	2542	2556	94.26	4164906	81498	0.06	3.14	1	NZ_BCZE01000039.1
550194	558609	9122	17563	8416	8442	91.60	4164906	81498	0.20	10.36	1	NZ_BCZE01000039.1
560020	564483	18583	23080	4464	4498	91.82	4164906	81498	0.11	5.52	1	NZ_BCZE01000039.1
564660	572037	23193	30579	7378	7387	91.41	4164906	81498	0.18	9.06	1	NZ_BCZE01000039.1
572628	576095	31157	34557	3468	3401	90.43	4164906	81498	0.08	4.17	1	NZ_BCZE01000039.1
576147	587938	34703	46418	11792	11716	89.11	4164906	81498	0.28	14.38	1	NZ_BCZE01000039.1
588142	593389	46551	51673	5248	5123	89.76	4164906	81498	0.13	6.29	1	NZ_BCZE01000039.1
593823	611744	52169	70102	17922	17934	92.28	4164906	81498	0.43	22.01	1	NZ_BCZE01000039.1
612244	614395	70449	72602	2152	2154	90.35	4164906	81498	0.05	2.64	1	NZ_BCZE01000039.1
614665	615975	73410	74721	1311	1312	92.54	4164906	81498	0.03	1.61	1	NZ_BCZE01000039.1
616263	622859	74967	81498	6597	6532	89.98	4164906	81498	0.16	8.01	1	NZ_BCZE01000039.1
623668	629195	32822	27281	5528	5542	92.81	4164906	34768	0.13	15.94	1	NZ_BCZE01000077.1
629378	634897	27014	21500	5520	5515	91.34	4164906	34768	0.13	15.86	1	NZ_BCZE01000077.1
635051	641043	21373	15347	5993	6027	90.96	4164906	34768	0.14	17.33	1	NZ_BCZE01000077.1
641524	656417	14925	1	14894	14925	93.22	4164906	34768	0.36	42.93	1	NZ_BCZE01000077.1
656536	659153	40	2670	2618	2631	93.73	4164906	13135	0.06	20.03	1	NZ_BCZE01000126.1
659484	663301	3007	6808	3818	3802	92.07	4164906	13135	0.09	28.95	1	NZ_BCZE01000126.1
663427	669862	6813	13100	6436	6288	90.78	4164906	13135	0.15	47.87	1	NZ_BCZE01000126.1
670686	675902	771	5985	5217	5215	92.01	4164906	14734	0.13	35.39	1	NZ_BCZE01000118.1
676816	679214	6220	8606	2399	2387	93.25	4164906	14734	0.06	16.20	1	NZ_BCZE01000118.1
679398	683375	8619	12558	3978	3940	92.13	4164906	14734	0.10	26.74	1	NZ_BCZE01000118.1
685954	687663	56034	54295	1710	1740	90.25	4164906	56054	0.04	3.10	1	NZ_BCZE01000056.1
687851	709032	54122	33050	21182	21073	89.81	4164906	56054	0.51	37.59	1	NZ_BCZE01000056.1
713627	719379	33031	27272	5753	5760	92.65	4164906	56054	0.14	10.28	1	NZ_BCZE01000056.1
720751	723712	27061	24057	2962	3005	87.45	4164906	56054	0.07	5.36	1	NZ_BCZE01000056.1
724690	726443	23959	22152	1754	1808	89.15	4164906	56054	0.04	3.23	1	NZ_BCZE01000056.1
726686	735746	22144	13101	9061	9044	90.46	4164906	56054	0.22	16.13	1	NZ_BCZE01000056.1
736376	744625	12677	4421	8250	8257	91.79	4164906	56054	0.20	14.73	1	NZ_BCZE01000056.1
744861	749263	4396	6	4403	4391	92.01	4164906	56054	0.11	7.83	1	NZ_BCZE01000056.1
745358	748055	65103	62415	2698	2689	83.33	4164906	76041	0.06	3.54	1	NZ_BCZE01000017.1
750819	754545	35190	31462	3727	3729	91.43	4164906	35190	0.09	10.60	1	NZ_BCZE01000074.1
754670	756410	31363	29627	1741	1737	92.03	4164906	35190	0.04	4.94	1	NZ_BCZE01000074.1
756938	780214	29605	6320	23277	23286	95.48	4164906	35190	0.56	66.17	1	NZ_BCZE01000074.1
780383	786529	6158	6	6147	6153	94.71	4164906	35190	0.15	17.49	1	NZ_BCZE01000074.1
787459	793724	60643	54389	6266	6255	92.34	4164906	60688	0.15	10.31	1	NZ_BCZE01000008.1
794484	800538	53727	47714	6055	6014	90.44	4164906	60688	0.15	9.91	1	NZ_BCZE01000008.1
800715	803955	47723	44489	3241	3235	91.71	4164906	60688	0.08	5.33	1	NZ_BCZE01000008.1
804082	807727	44407	40737	3646	3671	90.66	4164906	60688	0.09	6.05	1	NZ_BCZE01000008.1
808019	815031	6956	13970	7013	7015	94.31	4164906	16623	0.17	42.20	1	NZ_BCZE01000113.1
822747	825094	26593	24247	2348	2347	91.20	4164906	60688	0.06	3.87	1	NZ_BCZE01000008.1
825207	836402	24113	12906	11196	11208	91.76	4164906	60688	0.27	18.47	1	NZ_BCZE01000008.1
836604	838472	12760	10890	1869	1871	94.12	4164906	60688	0.04	3.08	1	NZ_BCZE01000008.1
838637	841201	10695	8124	2565	2572	90.53	4164906	60688	0.06	4.24	1	NZ_BCZE01000008.1
842665	844220	7528	5990	1556	1539	93.64	4164906	60688	0.04	2.54	1	NZ_BCZE01000008.1
844405	849083	4664	22	4679	4643	89.04	4164906	60688	0.11	7.65	1	NZ_BCZE01000008.1
849127	859142	83513	73603	10016	9911	92.97	4164906	83551	0.24	11.86	1	NZ_BCZE01000007.1
859263	879442	73482	53327	20180	20156	92.65	4164906	83551	0.48	24.12	1	NZ_BCZE01000007.1
879697	881467	53132	51406	1771	1727	85.81	4164906	83551	0.04	2.07	1	NZ_BCZE01000007.1
882332	883411	50605	49532	1080	1074	90.65	4164906	83551	0.03	1.29	1	NZ_BCZE01000007.1
883857	884982	49107	47997	1126	1111	87.41	4164906	83551	0.03	1.33	1	NZ_BCZE01000007.1
885023	897666	47667	35116	12644	12552	89.29	4164906	83551	0.30	15.02	1	NZ_BCZE01000007.1
899124	901709	35111	32518	2586	2594	88.90	4164906	83551	0.06	3.10	1	NZ_BCZE01000007.1
908583	913978	31732	26303	5396	5430	89.05	4164906	83551	0.13	6.50	1	NZ_BCZE01000007.1
913999	921257	25184	17837	7259	7348	89.32	4164906	83551	0.17	8.79	1	NZ_BCZE01000007.1
921433	932152	17818	7100	10720	10719	92.41	4164906	83551	0.26	12.83	1	NZ_BCZE01000007.1
932278	939224	6956	24	6947	6933	91.38	4164906	83551	0.17	8.30	1	NZ_BCZE01000007.1
939441	954517	84611	69516	15077	15096	90.08	4164906	84611	0.36	17.84	1	NZ_BCZE01000006.1
954763	955943	69283	68101	1181	1183	93.42	4164906	84611	0.03	1.40	1	NZ_BCZE01000006.1
956612	967394	67853	57102	10783	10752	90.99	4164906	84611	0.26	12.71	1	NZ_BCZE01000006.1
967612	970733	56938	53808	3122	3131	91.28	4164906	84611	0.07	3.70	1	NZ_BCZE01000006.1
970933	973336	53122	50719	2404	2404	91.81	4164906	84611	0.06	2.84	1	NZ_BCZE01000006.1
973574	974626	50458	49406	1053	1053	88.53	4164906	84611	0.03	1.24	1	NZ_BCZE01000006.1
974752	980707	49255	43299	5956	5957	90.47	4164906	84611	0.14	7.04	1	NZ_BCZE01000006.1
981274	984031	33310	30547	2758	2764	84.09	4164906	45594	0.07	6.06	1	NZ_BCZE01000066.1
984069	987847	43200	39410	3779	3791	90.02	4164906	84611	0.09	4.48	1	NZ_BCZE01000006.1
988045	990900	39207	36356	2856	2852	90.61	4164906	84611	0.07	3.37	1	NZ_BCZE01000006.1
991894	995720	35863	32042	3827	3822	91.69	4164906	84611	0.09	4.52	1	NZ_BCZE01000006.1
995823	998124	31936	29648	2302	2289	92.24	4164906	84611	0.06	2.71	1	NZ_BCZE01000006.1
998131	1010033	29157	17225	11903	11933	90.64	4164906	84611	0.29	14.10	1	NZ_BCZE01000006.1
1010497	1015601	17009	11909	5105	5101	90.12	4164906	84611	0.12	6.03	1	NZ_BCZE01000006.1
1018110	1029813	11801	37	11704	11765	88.78	4164906	84611	0.28	13.90	1	NZ_BCZE01000006.1
1030996	1033495	50582	48095	2500	2488	90.77	4164906	50583	0.06	4.92	1	NZ_BCZE01000060.1
1033533	1036290	47960	45201	2758	2760	90.70	4164906	50583	0.07	5.46	1	NZ_BCZE01000060.1
1040854	1060742	45082	25217	19889	19866	87.95	4164906	50583	0.48	39.27	1	NZ_BCZE01000060.1
1060869	1063115	25123	22878	2247	2246	91.02	4164906	50583	0.05	4.44	1	NZ_BCZE01000060.1
1063765	1072086	22693	14366	8322	8328	90.50	4164906	50583	0.20	16.46	1	NZ_BCZE01000060.1
1072317	1083320	14069	3057	11004	11013	88.96	4164906	50583	0.26	21.77	1	NZ_BCZE01000060.1
1083988	1086860	3036	123	2873	2914	90.51	4164906	50583	0.07	5.76	1	NZ_BCZE01000060.1
1088794	1090352	1593	35	1559	1559	89.61	4164906	1593	0.04	97.87	1	NZ_BCZE01000168.1
1090642	1095185	108521	103902	4544	4620	89.27	4164906	108761	0.11	4.25	1	NZ_BCZE01000005.1
1095303	1097870	103787	101190	2568	2598	87.85	4164906	108761	0.06	2.39	1	NZ_BCZE01000005.1
1098264	1103396	99476	94319	5133	5158	88.09	4164906	108761	0.12	4.74	1	NZ_BCZE01000005.1
1105618	1112452	92989	86173	6835	6817	90.86	4164906	108761	0.16	6.27	1	NZ_BCZE01000005.1
1125132	1126397	15619	14353	1266	1267	87.56	4164906	29198	0.03	4.34	1	NZ_BCZE01000084.1
1129123	1136617	82876	75429	7495	7448	90.66	4164906	108761	0.18	6.85	1	NZ_BCZE01000005.1
1136898	1154822	75416	57419	17925	17998	90.17	4164906	108761	0.43	16.55	1	NZ_BCZE01000005.1
1154973	1175754	57292	36578	20782	20715	90.68	4164906	108761	0.50	19.05	1	NZ_BCZE01000005.1
1175909	1179239	36407	33076	3331	3332	90.91	4164906	108761	0.08	3.06	1	NZ_BCZE01000005.1
1179542	1189158	32791	23153	9617	9639	92.21	4164906	108761	0.23	8.86	1	NZ_BCZE01000005.1
1189262	1196418	23048	15922	7157	7127	94.50	4164906	108761	0.17	6.55	1	NZ_BCZE01000005.1
1196604	1202180	15686	10107	5577	5580	91.94	4164906	108761	0.13	5.13	1	NZ_BCZE01000005.1
1202317	1203969	10104	8449	1653	1656	92.21	4164906	108761	0.04	1.52	1	NZ_BCZE01000005.1
1204344	1210861	7966	1448	6518	6519	91.28	4164906	108761	0.16	5.99	1	NZ_BCZE01000005.1
1211298	1212359	1077	2	1062	1076	91.54	4164906	108761	0.03	0.99	1	NZ_BCZE01000005.1
1212345	1214647	6916	4614	2303	2303	93.14	4164906	6916	0.06	33.30	1	NZ_BCZE01000004.1
1214667	1217244	4475	1919	2578	2557	93.15	4164906	6916	0.06	36.97	1	NZ_BCZE01000004.1
1217875	1219299	1676	268	1425	1409	87.62	4164906	6916	0.03	20.37	1	NZ_BCZE01000004.1
1219629	1223179	141983	138418	3551	3566	92.75	4164906	142095	0.09	2.51	1	NZ_BCZE01000003.1
1223328	1224619	138306	137015	1292	1292	89.44	4164906	142095	0.03	0.91	1	NZ_BCZE01000003.1
1224919	1227253	136727	134403	2335	2325	92.47	4164906	142095	0.06	1.64	1	NZ_BCZE01000003.1
1227482	1230914	134151	130660	3433	3492	90.02	4164906	142095	0.08	2.46	1	NZ_BCZE01000003.1
1231145	1234052	130430	127512	2908	2919	89.10	4164906	142095	0.07	2.05	1	NZ_BCZE01000003.1
1234192	1253464	127363	108152	19273	19212	91.39	4164906	142095	0.46	13.52	1	NZ_BCZE01000003.1
1253589	1258373	108142	103374	4785	4769	89.44	4164906	142095	0.11	3.36	1	NZ_BCZE01000003.1
1258524	1265920	103223	95841	7397	7383	87.56	4164906	142095	0.18	5.20	1	NZ_BCZE01000003.1
1266083	1271453	95834	90432	5371	5403	87.56	4164906	142095	0.13	3.80	1	NZ_BCZE01000003.1
1272139	1277091	89766	84861	4953	4906	88.91	4164906	142095	0.12	3.45	1	NZ_BCZE01000003.1
1277394	1278944	84560	83007	1551	1554	79.39	4164906	142095	0.04	1.09	1	NZ_BCZE01000003.1
1280179	1298677	81795	63342	18499	18454	92.00	4164906	142095	0.44	12.99	1	NZ_BCZE01000003.1
1298763	1304944	63204	57036	6182	6169	92.39	4164906	142095	0.15	4.34	1	NZ_BCZE01000003.1
1307365	1310364	56468	53466	3000	3003	91.36	4164906	142095	0.07	2.11	1	NZ_BCZE01000003.1
1313136	1321680	52271	43735	8545	8537	89.16	4164906	142095	0.21	6.01	1	NZ_BCZE01000003.1
1334608	1339757	43716	38557	5150	5160	91.95	4164906	142095	0.12	3.63	1	NZ_BCZE01000003.1
1339771	1351602	38444	26566	11832	11879	90.60	4164906	142095	0.28	8.36	1	NZ_BCZE01000003.1
1351750	1355340	26445	22879	3591	3567	88.76	4164906	142095	0.09	2.51	1	NZ_BCZE01000003.1
1355735	1367791	22863	10794	12057	12070	92.22	4164906	142095	0.29	8.49	1	NZ_BCZE01000003.1
1368055	1377883	10536	714	9829	9823	92.19	4164906	142095	0.24	6.91	1	NZ_BCZE01000003.1
1383443	1385237	175	1960	1795	1786	88.16	4164906	204838	0.04	0.87	1	NZ_BCZE01000009.1
1385475	1409280	2087	25796	23806	23710	90.59	4164906	204838	0.57	11.58	1	NZ_BCZE01000009.1
1409521	1437225	26045	53747	27705	27703	91.48	4164906	204838	0.67	13.52	1	NZ_BCZE01000009.1
1437335	1444342	53839	60852	7008	7014	91.68	4164906	204838	0.17	3.42	1	NZ_BCZE01000009.1
1444550	1450219	61066	66740	5670	5675	90.59	4164906	204838	0.14	2.77	1	NZ_BCZE01000009.1
1450354	1456486	66773	72906	6133	6134	90.75	4164906	204838	0.15	2.99	1	NZ_BCZE01000009.1
1457720	1460510	74149	76965	2791	2817	92.81	4164906	204838	0.07	1.38	1	NZ_BCZE01000009.1
1461782	1471524	77052	86729	9743	9678	90.99	4164906	204838	0.23	4.72	1	NZ_BCZE01000009.1
1473331	1477072	86734	90511	3742	3778	86.59	4164906	204838	0.09	1.84	1	NZ_BCZE01000009.1
1477351	1482981	92011	97608	5631	5598	89.77	4164906	204838	0.14	2.73	1	NZ_BCZE01000009.1
1483378	1486465	97642	100744	3088	3103	94.56	4164906	204838	0.07	1.51	1	NZ_BCZE01000009.1
1488107	1495198	100780	107893	7092	7114	91.87	4164906	204838	0.17	3.47	1	NZ_BCZE01000009.1
1495217	1502600	108199	115561	7384	7363	93.44	4164906	204838	0.18	3.59	1	NZ_BCZE01000009.1
1502715	1518321	115592	131187	15607	15596	90.48	4164906	204838	0.37	7.61	1	NZ_BCZE01000009.1
1518722	1520401	131191	132865	1680	1675	82.81	4164906	204838	0.04	0.82	1	NZ_BCZE01000009.1
1520764	1522161	133237	134637	1398	1401	81.95	4164906	204838	0.03	0.68	1	NZ_BCZE01000009.1
1525916	1527886	138006	139994	1971	1989	85.09	4164906	204838	0.05	0.97	1	NZ_BCZE01000009.1
1529508	1531582	141650	143725	2075	2076	87.96	4164906	204838	0.05	1.01	1	NZ_BCZE01000009.1
1532157	1537752	143988	149587	5596	5600	90.10	4164906	204838	0.13	2.73	1	NZ_BCZE01000009.1
1543372	1544902	60710	62240	1531	1531	83.08	4164906	76041	0.04	2.01	1	NZ_BCZE01000017.1
1549144	1553076	149685	153627	3933	3943	89.46	4164906	204838	0.09	1.92	1	NZ_BCZE01000009.1
1553109	1560313	41787	34567	7205	7221	91.63	4164906	48307	0.17	14.95	1	NZ_BCZE01000062.1
1560391	1562788	44324	41926	2398	2399	87.26	4164906	48307	0.06	4.97	1	NZ_BCZE01000062.1
1564178	1571051	10438	3607	6874	6832	90.01	4164906	110027	0.17	6.21	1	NZ_BCZE01000026.1
1591338	1592811	73207	71734	1474	1474	84.11	4164906	113239	0.04	1.30	1	NZ_BCZE01000023.1
1605692	1611702	2230	8245	6011	6016	86.34	4164906	16326	0.14	36.85	1	NZ_BCZE01000114.1
1614007	1615347	10498	11838	1341	1341	84.46	4164906	16326	0.03	8.21	1	NZ_BCZE01000114.1
1617106	1619753	13623	16297	2648	2675	82.15	4164906	16326	0.06	16.38	1	NZ_BCZE01000114.1
1619760	1620963	8	1211	1204	1204	85.16	4164906	1227	0.03	98.13	1	NZ_BCZE01000176.1
1620981	1622425	2	1446	1445	1445	86.81	4164906	24691	0.03	5.85	1	NZ_BCZE01000094.1
1624317	1625839	1737	3262	1523	1526	85.21	4164906	24691	0.04	6.18	1	NZ_BCZE01000094.1
1626206	1627505	3608	4907	1300	1300	84.99	4164906	24691	0.03	5.27	1	NZ_BCZE01000094.1
1628425	1630768	5479	7825	2344	2347	85.64	4164906	24691	0.06	9.51	1	NZ_BCZE01000094.1
1639643	1642647	89066	86059	3005	3008	90.73	4164906	113239	0.07	2.66	1	NZ_BCZE01000023.1
1649196	1650734	5268	3730	1539	1539	84.48	4164906	99591	0.04	1.55	1	NZ_BCZE01000030.1
1681947	1683123	18385	19561	1177	1177	79.14	4164906	92892	0.03	1.27	1	NZ_BCZE01000035.1
1727053	1728170	38130	39256	1118	1127	89.97	4164906	62590	0.03	1.80	1	NZ_BCZE01000053.1
1728284	1729848	39368	40932	1565	1565	92.72	4164906	62590	0.04	2.50	1	NZ_BCZE01000053.1
1733292	1734965	58153	56481	1674	1673	84.31	4164906	63295	0.04	2.64	1	NZ_BCZE01000051.1
1831371	1832783	46631	45219	1413	1413	83.42	4164906	63295	0.03	2.23	1	NZ_BCZE01000051.1
1850787	1853360	257651	255072	2574	2580	86.01	4164906	357524	0.06	0.72	1	NZ_BCZE01000001.1
1870198	1872507	64768	67077	2310	2310	84.94	4164906	92892	0.06	2.49	1	NZ_BCZE01000035.1
1872616	1876739	67186	71309	4124	4124	81.62	4164906	92892	0.10	4.44	1	NZ_BCZE01000035.1
1878933	1880957	73508	75534	2025	2027	82.14	4164906	92892	0.05	2.18	1	NZ_BCZE01000035.1
1885588	1887211	69091	70704	1624	1614	90.73	4164906	128717	0.04	1.25	1	NZ_BCZE01000022.1
1905848	1907349	58	1547	1502	1490	82.15	4164906	13383	0.04	11.13	1	NZ_BCZE01000124.1
1905852	1908544	61	2753	2693	2693	84.32	4164906	8401	0.06	32.06	1	NZ_BCZE01000138.1
1905933	1912388	6456	1	6456	6456	90.06	4164906	21461	0.16	30.08	1	NZ_BCZE01000105.1
1929623	1931123	45594	44106	1501	1489	86.49	4164906	45594	0.04	3.27	1	NZ_BCZE01000066.1
1935743	1937809	19935	22001	2067	2067	79.22	4164906	35369	0.05	5.84	1	NZ_BCZE01000073.1
1938053	1939854	22243	24047	1802	1805	83.25	4164906	35369	0.04	5.10	1	NZ_BCZE01000073.1
1947553	1948941	166529	165140	1389	1390	85.49	4164906	189116	0.03	0.73	1	NZ_BCZE01000010.1
1949686	1955045	963	6323	5360	5361	88.33	4164906	11663	0.13	45.97	1	NZ_BCZE01000129.1
1956650	1965206	132434	123863	8557	8572	85.83	4164906	136325	0.21	6.29	1	NZ_BCZE01000012.1
1961537	1962577	84027	85070	1041	1044	82.35	4164906	128717	0.02	0.81	1	NZ_BCZE01000022.1
1978491	1980323	117976	116128	1833	1849	89.47	4164906	136325	0.04	1.36	1	NZ_BCZE01000012.1
1980672	2003553	115788	93066	22882	22723	90.97	4164906	136325	0.55	16.67	1	NZ_BCZE01000012.1
2003952	2026589	92766	70123	22638	22644	88.54	4164906	136325	0.54	16.61	1	NZ_BCZE01000012.1
2026692	2045093	70020	51569	18402	18452	88.33	4164906	136325	0.44	13.54	1	NZ_BCZE01000012.1
2045203	2048510	51459	48166	3308	3294	88.76	4164906	136325	0.08	2.42	1	NZ_BCZE01000012.1
2048767	2051315	47212	44664	2549	2549	91.06	4164906	136325	0.06	1.87	1	NZ_BCZE01000012.1
2053620	2061958	43904	35600	8339	8305	88.21	4164906	136325	0.20	6.09	1	NZ_BCZE01000012.1
2062137	2065479	35421	32080	3343	3342	90.36	4164906	136325	0.08	2.45	1	NZ_BCZE01000012.1
2065576	2072604	26096	19110	7029	6987	89.20	4164906	136325	0.17	5.13	1	NZ_BCZE01000012.1
2073125	2084577	18577	7134	11453	11444	91.70	4164906	136325	0.27	8.39	1	NZ_BCZE01000012.1
2084585	2091633	7025	11	7049	7015	92.17	4164906	136325	0.17	5.15	1	NZ_BCZE01000012.1
2091639	2101169	38478	29001	9531	9478	90.46	4164906	38486	0.23	24.63	1	NZ_BCZE01000011.1
2101180	2112458	28167	16933	11279	11235	90.83	4164906	38486	0.27	29.19	1	NZ_BCZE01000011.1
2112796	2120068	16487	9205	7273	7283	92.28	4164906	38486	0.17	18.92	1	NZ_BCZE01000011.1
2120777	2122601	9133	7309	1825	1825	89.44	4164906	38486	0.04	4.74	1	NZ_BCZE01000011.1
2122745	2129151	7197	800	6407	6398	92.80	4164906	38486	0.15	16.62	1	NZ_BCZE01000011.1
2129415	2132078	163085	160420	2664	2666	90.08	4164906	189116	0.06	1.41	1	NZ_BCZE01000010.1
2136008	2150963	159738	144827	14956	14912	92.17	4164906	189116	0.36	7.89	1	NZ_BCZE01000010.1
2151719	2154030	144093	141782	2312	2312	92.57	4164906	189116	0.06	1.22	1	NZ_BCZE01000010.1
2155683	2164856	131969	122767	9174	9203	90.18	4164906	189116	0.22	4.87	1	NZ_BCZE01000010.1
2165492	2174590	122544	113473	9099	9072	90.64	4164906	189116	0.22	4.80	1	NZ_BCZE01000010.1
2174691	2191110	113358	96912	16420	16447	91.36	4164906	189116	0.39	8.70	1	NZ_BCZE01000010.1
2246691	2248219	28539	30067	1529	1529	82.78	4164906	56054	0.04	2.73	1	NZ_BCZE01000056.1
2317358	2351635	96931	62569	34278	34363	90.72	4164906	189116	0.82	18.17	1	NZ_BCZE01000010.1
2351897	2356115	62292	58074	4219	4219	89.09	4164906	189116	0.10	2.23	1	NZ_BCZE01000010.1
2357548	2359050	57899	56397	1503	1503	92.48	4164906	189116	0.04	0.79	1	NZ_BCZE01000010.1
2359156	2377312	56392	38233	18157	18160	89.98	4164906	189116	0.44	9.60	1	NZ_BCZE01000010.1
2377499	2378589	38015	36925	1091	1091	82.89	4164906	189116	0.03	0.58	1	NZ_BCZE01000010.1
2378676	2395872	26428	9369	17197	17060	91.19	4164906	189116	0.41	9.02	1	NZ_BCZE01000010.1
2400542	2403661	33806	30699	3120	3108	91.32	4164906	115042	0.07	2.70	1	NZ_BCZE01000020.1
2404463	2409237	30664	25882	4775	4783	87.58	4164906	115042	0.11	4.16	1	NZ_BCZE01000020.1
2411113	2432840	25558	3808	21728	21751	90.62	4164906	115042	0.52	18.91	1	NZ_BCZE01000020.1
2411706	2412802	64388	63292	1097	1097	78.63	4164906	204838	0.03	0.54	1	NZ_BCZE01000009.1
2434728	2440631	48009	53896	5904	5888	85.90	4164906	73169	0.14	8.05	1	NZ_BCZE01000016.1
2440713	2445090	41203	45579	4378	4377	91.47	4164906	115042	0.11	3.80	1	NZ_BCZE01000020.1
2447568	2455255	54752	62428	7688	7677	89.51	4164906	73169	0.18	10.49	1	NZ_BCZE01000016.1
2459269	2464900	62581	68184	5632	5604	89.12	4164906	73169	0.14	7.66	1	NZ_BCZE01000016.1
2465067	2468328	68320	71581	3262	3262	89.56	4164906	73169	0.08	4.46	1	NZ_BCZE01000016.1
2473103	2474690	7	1591	1588	1585	86.65	4164906	76041	0.04	2.08	1	NZ_BCZE01000017.1
2475933	2483292	1676	9032	7360	7357	89.89	4164906	76041	0.18	9.68	1	NZ_BCZE01000017.1
2484195	2486703	9057	11566	2509	2510	91.60	4164906	76041	0.06	3.30	1	NZ_BCZE01000017.1
2487175	2490146	11622	14582	2972	2961	90.44	4164906	76041	0.07	3.89	1	NZ_BCZE01000017.1
2490257	2493374	14682	17815	3118	3134	91.94	4164906	76041	0.07	4.12	1	NZ_BCZE01000017.1
2495472	2496880	53040	51632	1409	1409	88.23	4164906	62739	0.03	2.25	1	NZ_BCZE01000032.1
2498146	2502953	18828	23664	4808	4837	87.80	4164906	76041	0.12	6.36	1	NZ_BCZE01000017.1
2504501	2511614	24373	31442	7114	7070	89.04	4164906	76041	0.17	9.30	1	NZ_BCZE01000017.1
2513046	2515338	26050	23764	2293	2287	85.05	4164906	46862	0.06	4.88	1	NZ_BCZE01000064.1
2534118	2537297	28077	24899	3180	3179	93.59	4164906	43574	0.08	7.30	1	NZ_BCZE01000068.1
2537311	2547481	24744	14587	10171	10158	93.11	4164906	43574	0.24	23.31	1	NZ_BCZE01000068.1
2547599	2557341	14563	4848	9743	9716	91.05	4164906	43574	0.23	22.30	1	NZ_BCZE01000068.1
2557481	2567129	45866	36236	9649	9631	88.90	4164906	95616	0.23	10.07	1	NZ_BCZE01000015.1
2567310	2573628	36100	29776	6319	6325	90.81	4164906	95616	0.15	6.62	1	NZ_BCZE01000015.1
2574016	2576993	29720	26716	2978	3005	89.93	4164906	95616	0.07	3.14	1	NZ_BCZE01000015.1
2577222	2603721	26514	1	26500	26514	90.34	4164906	95616	0.64	27.73	1	NZ_BCZE01000015.1
2606765	2611553	50776	45997	4789	4780	90.95	4164906	53901	0.11	8.87	1	NZ_BCZE01000014.1
2611732	2625079	45365	32025	13348	13341	92.36	4164906	53901	0.32	24.75	1	NZ_BCZE01000014.1
2625660	2635727	31463	21394	10068	10070	87.47	4164906	53901	0.24	18.68	1	NZ_BCZE01000014.1
2637698	2638972	20489	19218	1275	1272	88.42	4164906	53901	0.03	2.36	1	NZ_BCZE01000014.1
2639247	2643573	19009	14696	4327	4314	92.00	4164906	53901	0.10	8.00	1	NZ_BCZE01000014.1
2644287	2658035	13737	4	13749	13734	90.55	4164906	53901	0.33	25.48	1	NZ_BCZE01000014.1
2658028	2664892	13364	6546	6865	6819	88.48	4164906	13369	0.16	51.01	1	NZ_BCZE01000013.1
2665041	2666089	6459	5412	1049	1048	93.42	4164906	13369	0.03	7.84	1	NZ_BCZE01000013.1
2666257	2671577	5324	4	5321	5321	90.29	4164906	13369	0.13	39.80	1	NZ_BCZE01000013.1
2672515	2676054	6	3539	3540	3534	88.03	4164906	11127	0.08	31.76	1	NZ_BCZE01000130.1
2677421	2683646	4896	11122	6226	6227	93.02	4164906	11127	0.15	55.96	1	NZ_BCZE01000130.1
2683697	2686447	13083	10325	2751	2759	93.85	4164906	13083	0.07	21.09	1	NZ_BCZE01000048.1
2687402	2697493	10080	4	10092	10077	91.08	4164906	13083	0.24	77.02	1	NZ_BCZE01000048.1
2697494	2713869	31189	14780	16376	16410	90.84	4164906	31189	0.39	52.61	1	NZ_BCZE01000047.1
2713994	2716732	14775	12031	2739	2745	90.72	4164906	31189	0.07	8.80	1	NZ_BCZE01000047.1
2718198	2721890	11999	8295	3693	3705	92.05	4164906	31189	0.09	11.88	1	NZ_BCZE01000047.1
2723098	2731354	8287	26	8257	8262	91.45	4164906	31189	0.20	26.49	1	NZ_BCZE01000047.1
2731838	2733534	23983	22298	1697	1686	89.46	4164906	24100	0.04	7.00	1	NZ_BCZE01000046.1
2733689	2735419	22176	20449	1731	1728	82.67	4164906	24100	0.04	7.17	1	NZ_BCZE01000046.1
2736851	2747164	19005	8725	10314	10281	91.70	4164906	24100	0.25	42.66	1	NZ_BCZE01000046.1
2747409	2756089	8706	1	8681	8706	92.52	4164906	24100	0.21	36.12	1	NZ_BCZE01000046.1
2756090	2757717	1	1628	1628	1628	92.52	4164906	1628	0.04	100.00	1	NZ_BCZE01000164.1
2757922	2760616	1746	4372	2695	2627	85.88	4164906	32217	0.06	8.15	1	NZ_BCZE01000080.1
2762885	2784149	10410	31693	21265	21284	90.07	4164906	32217	0.51	66.06	1	NZ_BCZE01000080.1
2784608	2790412	21647	15862	5805	5786	91.94	4164906	21647	0.14	26.73	1	NZ_BCZE01000104.1
2814491	2816048	4479	2922	1558	1558	90.31	4164906	7022	0.04	22.19	1	NZ_BCZE01000143.1
2816246	2817799	19244	17692	1554	1553	92.54	4164906	51744	0.04	3.00	1	NZ_BCZE01000059.1
2820743	2833598	17643	4805	12856	12839	90.94	4164906	51744	0.31	24.81	1	NZ_BCZE01000059.1
2837104	2852441	15383	96	15338	15288	91.38	4164906	113239	0.37	13.50	1	NZ_BCZE01000023.1
2852772	2857876	140	5260	5105	5121	90.93	4164906	68666	0.12	7.46	1	NZ_BCZE01000045.1
2858466	2864980	5423	11935	6515	6513	89.47	4164906	68666	0.16	9.49	1	NZ_BCZE01000045.1
2865177	2885556	12156	32509	20380	20354	94.94	4164906	68666	0.49	29.64	1	NZ_BCZE01000045.1
2885666	2893879	32628	40818	8214	8191	92.34	4164906	68666	0.20	11.93	1	NZ_BCZE01000045.1
2893971	2900203	40931	47094	6233	6164	91.37	4164906	68666	0.15	8.98	1	NZ_BCZE01000045.1
2900375	2910755	47268	57601	10381	10334	89.59	4164906	68666	0.25	15.05	1	NZ_BCZE01000045.1
2912028	2914665	58874	61504	2638	2631	91.36	4164906	68666	0.06	3.83	1	NZ_BCZE01000045.1
2914655	2919055	10311	14682	4401	4372	89.56	4164906	22532	0.11	19.40	1	NZ_BCZE01000100.1
2919192	2920636	14703	16147	1445	1445	87.84	4164906	22532	0.03	6.41	1	NZ_BCZE01000100.1
2922164	2927165	17584	22505	5002	4922	88.31	4164906	22532	0.12	21.84	1	NZ_BCZE01000100.1
2928176	2930561	23764	21378	2386	2387	93.80	4164906	24691	0.06	9.67	1	NZ_BCZE01000094.1
2935149	2939280	20782	16662	4132	4121	90.62	4164906	24691	0.10	16.69	1	NZ_BCZE01000094.1
2940710	2944665	15097	11166	3956	3932	89.79	4164906	24691	0.09	15.92	1	NZ_BCZE01000094.1
2944771	2954933	53732	63932	10163	10201	89.17	4164906	112287	0.24	9.08	1	NZ_BCZE01000025.1
2955071	2960807	64065	69819	5737	5755	91.00	4164906	112287	0.14	5.13	1	NZ_BCZE01000025.1
2961597	2973882	70658	82931	12286	12274	91.50	4164906	112287	0.29	10.93	1	NZ_BCZE01000025.1
2973985	2984302	101981	112287	10318	10307	90.92	4164906	112287	0.25	9.18	1	NZ_BCZE01000025.1
2985204	2988007	2808	4	2804	2805	92.56	4164906	2808	0.07	99.89	1	NZ_BCZE01000157.1
2988048	2992546	39	4578	4499	4540	85.72	4164906	48307	0.11	9.40	1	NZ_BCZE01000062.1
2992861	3001764	4902	13797	8904	8896	92.21	4164906	48307	0.21	18.42	1	NZ_BCZE01000062.1
3001897	3003773	13930	15800	1877	1871	90.88	4164906	48307	0.05	3.87	1	NZ_BCZE01000062.1
3003777	3022236	15900	34419	18460	18520	89.87	4164906	48307	0.44	38.34	1	NZ_BCZE01000062.1
3022945	3025036	2023	1	2092	2023	88.32	4164906	44562	0.05	4.54	1	NZ_BCZE01000067.1
3025692	3026725	123688	124722	1034	1035	81.80	4164906	128717	0.02	0.80	1	NZ_BCZE01000022.1
3027230	3031181	128717	124787	3952	3931	86.93	4164906	128717	0.09	3.05	1	NZ_BCZE01000022.1
3027230	3028749	1	1497	1520	1497	86.76	4164906	26664	0.04	5.61	1	NZ_BCZE01000089.1
3031268	3035309	123541	119500	4042	4042	91.10	4164906	128717	0.10	3.14	1	NZ_BCZE01000022.1
3035560	3039623	119447	115385	4064	4063	88.11	4164906	128717	0.10	3.16	1	NZ_BCZE01000022.1
3039910	3041929	115133	113111	2020	2023	94.66	4164906	128717	0.05	1.57	1	NZ_BCZE01000022.1
3045053	3047033	109088	107061	1981	2028	89.02	4164906	128717	0.05	1.58	1	NZ_BCZE01000022.1
3048222	3049682	106481	105019	1461	1463	89.65	4164906	128717	0.04	1.14	1	NZ_BCZE01000022.1
3051614	3052713	103459	102363	1100	1097	89.21	4164906	128717	0.03	0.85	1	NZ_BCZE01000022.1
3053722	3055995	29982	27706	2274	2277	84.45	4164906	46862	0.05	4.86	1	NZ_BCZE01000064.1
3056151	3060795	26682	31286	4645	4605	86.20	4164906	51744	0.11	8.90	1	NZ_BCZE01000059.1
3061608	3062882	1278	4	1275	1275	94.82	4164906	128717	0.03	0.99	1	NZ_BCZE01000022.1
3062850	3068005	11663	6514	5156	5150	90.64	4164906	11663	0.12	44.16	1	NZ_BCZE01000097.1
3068144	3074697	6512	23	6554	6490	91.32	4164906	11663	0.16	55.65	1	NZ_BCZE01000097.1
3074958	3081094	12169	6039	6137	6131	94.11	4164906	12267	0.15	49.98	1	NZ_BCZE01000096.1
3081502	3087108	5721	91	5607	5631	90.81	4164906	12267	0.13	45.90	1	NZ_BCZE01000096.1
3087245	3093445	1	6143	6201	6143	89.79	4164906	77813	0.15	7.89	1	NZ_BCZE01000041.1
3094076	3096066	6701	8682	1991	1982	90.07	4164906	77813	0.05	2.55	1	NZ_BCZE01000041.1
3096319	3101788	8806	14271	5470	5466	90.51	4164906	77813	0.13	7.02	1	NZ_BCZE01000041.1
3102476	3111694	14540	23820	9219	9281	90.83	4164906	77813	0.22	11.93	1	NZ_BCZE01000041.1
3112724	3115395	24957	27629	2672	2673	93.13	4164906	77813	0.06	3.44	1	NZ_BCZE01000041.1
3115908	3119348	143697	147136	3441	3440	91.44	4164906	357524	0.08	0.96	1	NZ_BCZE01000001.1
3119492	3124905	27842	33239	5414	5398	89.58	4164906	77813	0.13	6.94	1	NZ_BCZE01000041.1
3128771	3157883	35998	65021	29113	29024	89.84	4164906	77813	0.70	37.30	1	NZ_BCZE01000041.1
3158071	3161576	65238	68746	3506	3509	91.15	4164906	77813	0.08	4.51	1	NZ_BCZE01000041.1
3162068	3166057	69222	73203	3990	3982	88.16	4164906	77813	0.10	5.12	1	NZ_BCZE01000041.1
3166371	3170636	73544	77806	4266	4263	90.70	4164906	77813	0.10	5.48	1	NZ_BCZE01000041.1
3170801	3172249	161	1612	1449	1452	92.16	4164906	1612	0.03	90.07	1	NZ_BCZE01000167.1
3172250	3178284	1	6065	6035	6065	91.61	4164906	13278	0.14	45.68	1	NZ_BCZE01000125.1
3179431	3183364	7173	11111	3934	3939	91.50	4164906	13278	0.09	29.67	1	NZ_BCZE01000125.1
3183640	3185675	11244	13278	2036	2035	89.99	4164906	13278	0.05	15.33	1	NZ_BCZE01000125.1
3185646	3193605	3	7969	7960	7967	90.20	4164906	29194	0.19	27.29	1	NZ_BCZE01000085.1
3193742	3203156	8121	17555	9415	9435	92.87	4164906	29194	0.23	32.32	1	NZ_BCZE01000085.1
3203239	3212935	17690	27390	9697	9701	90.54	4164906	29194	0.23	33.23	1	NZ_BCZE01000085.1
3213075	3214810	27458	29194	1736	1737	92.75	4164906	29194	0.04	5.95	1	NZ_BCZE01000085.1
3215409	3217836	602	3039	2428	2438	85.99	4164906	38678	0.06	6.30	1	NZ_BCZE01000069.1
3218540	3220907	24125	26495	2368	2371	81.95	4164906	35173	0.06	6.74	1	NZ_BCZE01000075.1
3228069	3229724	3328	4997	1656	1670	87.62	4164906	38678	0.04	4.32	1	NZ_BCZE01000069.1
3229838	3236650	5014	11847	6813	6834	89.92	4164906	38678	0.16	17.67	1	NZ_BCZE01000069.1
3237265	3243997	12429	19077	6733	6649	90.16	4164906	38678	0.16	17.19	1	NZ_BCZE01000069.1
3244007	3251213	19198	26442	7207	7245	91.40	4164906	38678	0.17	18.73	1	NZ_BCZE01000069.1
3252129	3263469	27376	38678	11341	11303	91.46	4164906	38678	0.27	29.22	1	NZ_BCZE01000069.1
3263461	3266891	28982	25563	3431	3420	91.36	4164906	28986	0.08	11.80	1	NZ_BCZE01000086.1
3266983	3271293	25447	21183	4311	4265	91.51	4164906	28986	0.10	14.71	1	NZ_BCZE01000086.1
3271427	3290887	21064	1563	19461	19502	91.82	4164906	28986	0.47	67.28	1	NZ_BCZE01000086.1
3291146	3292478	1341	10	1333	1332	92.50	4164906	28986	0.03	4.60	1	NZ_BCZE01000086.1
3292707	3308411	47738	31948	15705	15791	91.14	4164906	47750	0.38	33.07	1	NZ_BCZE01000063.1
3308567	3317347	31825	23068	8781	8758	90.16	4164906	47750	0.21	18.34	1	NZ_BCZE01000063.1
3317533	3320348	22944	20129	2816	2816	91.88	4164906	47750	0.07	5.90	1	NZ_BCZE01000063.1
3320380	3327629	19981	12757	7250	7225	89.91	4164906	47750	0.17	15.13	1	NZ_BCZE01000063.1
3327802	3333708	12605	6712	5907	5894	91.13	4164906	47750	0.14	12.34	1	NZ_BCZE01000063.1
3334303	3336882	29611	32197	2580	2587	90.56	4164906	99591	0.06	2.60	1	NZ_BCZE01000030.1
3337461	3345656	32250	40426	8196	8177	92.52	4164906	99591	0.20	8.21	1	NZ_BCZE01000030.1
3345794	3347590	40436	42232	1797	1797	94.00	4164906	99591	0.04	1.80	1	NZ_BCZE01000030.1
3348626	3352702	43304	47376	4077	4073	92.18	4164906	99591	0.10	4.09	1	NZ_BCZE01000030.1
3353299	3361911	47458	56057	8613	8600	92.32	4164906	99591	0.21	8.64	1	NZ_BCZE01000030.1
3362082	3365838	56192	59817	3757	3626	89.92	4164906	99591	0.09	3.64	1	NZ_BCZE01000030.1
3367035	3369285	60894	63146	2251	2253	84.15	4164906	99591	0.05	2.26	1	NZ_BCZE01000030.1
3371913	3375954	65752	69797	4042	4046	92.77	4164906	99591	0.10	4.06	1	NZ_BCZE01000030.1
3376820	3379828	69872	72862	3009	2991	89.53	4164906	99591	0.07	3.00	1	NZ_BCZE01000030.1
3379837	3385444	72972	78582	5608	5611	91.45	4164906	99591	0.13	5.63	1	NZ_BCZE01000030.1
3385640	3386704	78562	79627	1065	1066	88.76	4164906	99591	0.03	1.07	1	NZ_BCZE01000030.1
3403574	3405649	10536	12611	2076	2076	83.71	4164906	35369	0.05	5.87	1	NZ_BCZE01000073.1
3429717	3434054	129380	133717	4338	4338	89.94	4164906	136401	0.10	3.18	1	NZ_BCZE01000021.1
3435031	3436609	134801	136379	1579	1579	87.10	4164906	136401	0.04	1.16	1	NZ_BCZE01000021.1
3442442	3443494	1940	2992	1053	1053	91.26	4164906	99591	0.03	1.06	1	NZ_BCZE01000030.1
3445512	3448133	5978	8606	2622	2629	83.55	4164906	99591	0.06	2.64	1	NZ_BCZE01000030.1
3457215	3464539	83879	91186	7325	7308	92.10	4164906	99591	0.18	7.34	1	NZ_BCZE01000030.1
3464705	3466737	91364	93393	2033	2030	89.09	4164906	99591	0.05	2.04	1	NZ_BCZE01000030.1
3470288	3471290	94017	95019	1003	1003	94.42	4164906	99591	0.02	1.01	1	NZ_BCZE01000030.1
3472911	3476784	95669	99525	3874	3857	89.54	4164906	99591	0.09	3.87	1	NZ_BCZE01000030.1
3476934	3478492	35	1593	1559	1559	89.29	4164906	1593	0.04	97.87	1	NZ_BCZE01000168.1
3479221	3484046	684	5473	4826	4790	88.03	4164906	8535	0.12	56.12	1	NZ_BCZE01000137.1
3486839	3488138	66033	67332	1300	1300	87.08	4164906	102054	0.03	1.27	1	NZ_BCZE01000027.1
3488425	3490885	67604	70065	2461	2462	92.13	4164906	102054	0.06	2.41	1	NZ_BCZE01000027.1
3491102	3493133	70328	72325	2032	1998	86.31	4164906	102054	0.05	1.96	1	NZ_BCZE01000027.1
3493520	3494727	72455	73662	1208	1208	86.68	4164906	102054	0.03	1.18	1	NZ_BCZE01000027.1
3500713	3503560	5692	8532	2848	2841	86.69	4164906	8535	0.07	33.29	1	NZ_BCZE01000137.1
3503564	3504790	1227	1	1227	1227	92.01	4164906	1227	0.03	100.00	1	NZ_BCZE01000176.1
3504797	3511001	7	6240	6205	6234	90.27	4164906	62590	0.15	9.96	1	NZ_BCZE01000053.1
3512677	3514714	6367	8458	2038	2092	86.67	4164906	62590	0.05	3.34	1	NZ_BCZE01000053.1
3516210	3530784	9120	23655	14575	14536	92.11	4164906	62590	0.35	23.22	1	NZ_BCZE01000053.1
3550178	3552067	23997	25886	1890	1890	93.18	4164906	62590	0.05	3.02	1	NZ_BCZE01000053.1
3552103	3553176	26045	27130	1074	1086	88.10	4164906	62590	0.03	1.74	1	NZ_BCZE01000053.1
3553300	3577386	27321	51317	24087	23997	89.03	4164906	62590	0.58	38.34	1	NZ_BCZE01000053.1
3577434	3579794	51263	53621	2361	2359	90.56	4164906	62590	0.06	3.77	1	NZ_BCZE01000053.1
3580644	3581684	54661	55705	1041	1045	88.62	4164906	62590	0.02	1.67	1	NZ_BCZE01000053.1
3581710	3583537	38002	39814	1828	1813	87.56	4164906	45594	0.04	3.98	1	NZ_BCZE01000066.1
3583619	3587125	55724	59219	3507	3496	91.83	4164906	62590	0.08	5.59	1	NZ_BCZE01000053.1
3587379	3590403	59527	62551	3025	3025	92.51	4164906	62590	0.07	4.83	1	NZ_BCZE01000053.1
3591304	3593728	4605	7022	2425	2418	89.29	4164906	7022	0.06	34.43	1	NZ_BCZE01000143.1
3593729	3595011	1	1283	1283	1283	89.02	4164906	48317	0.03	2.66	1	NZ_BCZE01000061.1
3595754	3602367	2109	8744	6614	6636	90.56	4164906	48317	0.16	13.73	1	NZ_BCZE01000061.1
3602630	3606840	8880	13110	4211	4231	92.65	4164906	48317	0.10	8.76	1	NZ_BCZE01000061.1
3607003	3611575	13116	17647	4573	4532	91.66	4164906	48317	0.11	9.38	1	NZ_BCZE01000061.1
3616035	3619518	18260	21736	3484	3477	92.99	4164906	48317	0.08	7.20	1	NZ_BCZE01000061.1
3619979	3628122	21803	29899	8144	8097	88.60	4164906	48317	0.20	16.76	1	NZ_BCZE01000061.1
3628245	3635316	29907	36919	7072	7013	91.00	4164906	48317	0.17	14.51	1	NZ_BCZE01000061.1
3635568	3645126	37156	46715	9559	9560	91.52	4164906	48317	0.23	19.79	1	NZ_BCZE01000061.1
3645163	3646189	74890	75915	1027	1026	88.12	4164906	102054	0.02	1.01	1	NZ_BCZE01000027.1
3646465	3647531	76183	77245	1067	1063	87.50	4164906	102054	0.03	1.04	1	NZ_BCZE01000027.1
3649133	3650687	46775	48317	1555	1543	92.94	4164906	48317	0.04	3.19	1	NZ_BCZE01000061.1
3650656	3658036	61283	53917	7381	7367	90.54	4164906	61283	0.18	12.02	1	NZ_BCZE01000054.1
3658295	3659611	53621	52317	1317	1305	87.50	4164906	61283	0.03	2.13	1	NZ_BCZE01000054.1
3661453	3668608	50481	43326	7156	7156	90.54	4164906	61283	0.17	11.68	1	NZ_BCZE01000054.1
3672365	3673925	41791	40232	1561	1560	92.25	4164906	61283	0.04	2.55	1	NZ_BCZE01000054.1
3674027	3686311	40118	27827	12285	12292	91.22	4164906	61283	0.29	20.06	1	NZ_BCZE01000054.1
3690014	3694847	25522	20718	4834	4805	89.30	4164906	61283	0.12	7.84	1	NZ_BCZE01000054.1
3695149	3697482	18298	15830	2334	2469	84.44	4164906	61283	0.06	4.03	1	NZ_BCZE01000054.1
3697699	3702387	11368	6749	4689	4620	89.41	4164906	61283	0.11	7.54	1	NZ_BCZE01000054.1
3702497	3705851	6738	3396	3355	3343	92.83	4164906	61283	0.08	5.46	1	NZ_BCZE01000054.1
3707095	3709694	31349	28749	2600	2601	89.75	4164906	31349	0.06	8.30	1	NZ_BCZE01000082.1
3709795	3712065	28648	26367	2271	2282	89.63	4164906	31349	0.05	7.28	1	NZ_BCZE01000082.1
3712190	3719240	26188	19156	7051	7033	94.93	4164906	31349	0.17	22.43	1	NZ_BCZE01000082.1
3744610	3745654	1048	4	1045	1045	87.39	4164906	1048	0.03	99.71	1	NZ_BCZE01000178.1
3745658	3746734	1623	550	1077	1074	85.44	4164906	1623	0.03	66.17	1	NZ_BCZE01000165.1
3745660	3746709	1617	565	1050	1053	82.62	4164906	1619	0.03	65.04	1	NZ_BCZE01000166.1
3748810	3753026	1331	5586	4217	4256	90.52	4164906	101923	0.10	4.18	1	NZ_BCZE01000028.1
3754794	3758683	6343	10248	3890	3906	93.58	4164906	101923	0.09	3.83	1	NZ_BCZE01000028.1
3759904	3762122	10451	12667	2219	2217	94.60	4164906	101923	0.05	2.18	1	NZ_BCZE01000028.1
3762231	3767387	12781	17923	5157	5143	91.69	4164906	101923	0.12	5.05	1	NZ_BCZE01000028.1
3767980	3772295	18516	22854	4316	4339	91.25	4164906	101923	0.10	4.26	1	NZ_BCZE01000028.1
3772380	3779680	27251	34531	7301	7281	89.76	4164906	101923	0.18	7.14	1	NZ_BCZE01000028.1
3783164	3803317	34605	54592	20154	19988	89.76	4164906	101923	0.48	19.61	1	NZ_BCZE01000028.1
3803408	3806416	54762	57770	3009	3009	92.86	4164906	101923	0.07	2.95	1	NZ_BCZE01000028.1
3806624	3809585	58016	60985	2962	2970	88.84	4164906	101923	0.07	2.91	1	NZ_BCZE01000028.1
3809924	3812005	61295	63361	2082	2067	84.68	4164906	101923	0.05	2.03	1	NZ_BCZE01000028.1
3812156	3814811	63512	66117	2656	2606	88.13	4164906	101923	0.06	2.56	1	NZ_BCZE01000028.1
3814942	3819199	66200	70453	4258	4254	93.19	4164906	101923	0.10	4.17	1	NZ_BCZE01000028.1
3819253	3823214	70639	74619	3962	3981	90.76	4164906	101923	0.10	3.91	1	NZ_BCZE01000028.1
3823331	3832765	74704	84159	9435	9456	91.54	4164906	101923	0.23	9.28	1	NZ_BCZE01000028.1
3833810	3851474	84236	101907	17665	17672	93.02	4164906	101923	0.42	17.34	1	NZ_BCZE01000028.1
3851524	3861065	1	9450	9542	9450	90.42	4164906	23189	0.23	40.75	1	NZ_BCZE01000099.1
3861282	3864184	9633	12558	2903	2926	91.26	4164906	23189	0.07	12.62	1	NZ_BCZE01000099.1
3864188	3868397	12652	16870	4210	4219	91.10	4164906	23189	0.10	18.19	1	NZ_BCZE01000099.1
3868637	3874666	17071	23089	6030	6019	92.63	4164906	23189	0.14	25.96	1	NZ_BCZE01000099.1
3874840	3876656	1	1817	1817	1817	91.97	4164906	14197	0.04	12.80	1	NZ_BCZE01000121.1
3877077	3888091	2262	13320	11015	11059	89.55	4164906	14197	0.26	77.90	1	NZ_BCZE01000121.1
3889202	3891377	62969	60801	2176	2169	92.24	4164906	63112	0.05	3.44	1	NZ_BCZE01000052.1
3892974	3909414	59389	42833	16441	16557	90.83	4164906	63112	0.39	26.23	1	NZ_BCZE01000052.1
3909529	3920956	42812	31406	11428	11407	88.45	4164906	63112	0.27	18.07	1	NZ_BCZE01000052.1
3921174	3922584	31170	29747	1411	1424	90.32	4164906	63112	0.03	2.26	1	NZ_BCZE01000052.1
3922953	3924448	29693	28199	1496	1495	89.26	4164906	63112	0.04	2.37	1	NZ_BCZE01000052.1
3924518	3926416	28192	26293	1899	1900	91.07	4164906	63112	0.05	3.01	1	NZ_BCZE01000052.1
3927121	3935647	25628	17102	8527	8527	91.21	4164906	63112	0.20	13.51	1	NZ_BCZE01000052.1
3935806	3946298	6623	17094	10493	10472	91.55	4164906	63112	0.25	16.59	1	NZ_BCZE01000052.1
3946201	3955732	51540	61112	9532	9573	92.17	4164906	77545	0.23	12.35	1	NZ_BCZE01000042.1
3955881	3959289	64735	61314	3409	3422	88.94	4164906	77545	0.08	4.41	1	NZ_BCZE01000042.1
3959506	3964083	64852	69462	4578	4611	91.88	4164906	77545	0.11	5.95	1	NZ_BCZE01000042.1
3964184	3972172	69562	77535	7989	7974	92.77	4164906	77545	0.19	10.28	1	NZ_BCZE01000042.1
3972256	3978788	12	6516	6533	6505	91.91	4164906	63112	0.16	10.31	1	NZ_BCZE01000052.1
3979872	3981724	50707	48857	1853	1851	89.53	4164906	77545	0.04	2.39	1	NZ_BCZE01000042.1
3984108	3985808	47104	48804	1701	1701	91.48	4164906	77545	0.04	2.19	1	NZ_BCZE01000042.1
3985871	3988688	44687	41833	2818	2855	90.74	4164906	77545	0.07	3.68	1	NZ_BCZE01000042.1
3988961	3991900	41593	38654	2940	2940	93.44	4164906	77545	0.07	3.79	1	NZ_BCZE01000042.1
3993066	4005728	36671	23988	12663	12684	91.39	4164906	77545	0.30	16.36	1	NZ_BCZE01000042.1
4005870	4012330	23853	17377	6461	6477	91.87	4164906	77545	0.16	8.35	1	NZ_BCZE01000042.1
4012491	4026902	17191	2628	14412	14564	91.52	4164906	77545	0.35	18.78	1	NZ_BCZE01000042.1
4029799	4045995	34666	18430	16197	16237	91.84	4164906	34681	0.39	46.82	1	NZ_BCZE01000078.1
4046193	4051003	18330	13484	4811	4847	91.77	4164906	34681	0.12	13.98	1	NZ_BCZE01000078.1
4051491	4056845	13008	7661	5355	5348	92.85	4164906	34681	0.13	15.42	1	NZ_BCZE01000078.1
4057009	4064420	7464	49	7412	7416	91.38	4164906	34681	0.18	21.38	1	NZ_BCZE01000078.1
4064573	4066669	19	2116	2097	2098	91.75	4164906	81077	0.05	2.59	1	NZ_BCZE01000040.1
4066841	4070826	2143	6066	3986	3924	88.66	4164906	81077	0.10	4.84	1	NZ_BCZE01000040.1
4071264	4099061	6210	34058	27798	27849	91.23	4164906	81077	0.67	34.35	1	NZ_BCZE01000040.1
4099258	4101179	34038	35961	1922	1924	92.58	4164906	81077	0.05	2.37	1	NZ_BCZE01000040.1
4101372	4115725	36121	50401	14354	14281	91.10	4164906	81077	0.34	17.61	1	NZ_BCZE01000040.1
4119562	4128812	54078	63317	9251	9240	90.59	4164906	81077	0.22	11.40	1	NZ_BCZE01000040.1
4128937	4130020	63463	64550	1084	1088	85.14	4164906	81077	0.03	1.34	1	NZ_BCZE01000040.1
4131205	4141668	65940	76352	10464	10413	93.05	4164906	81077	0.25	12.84	1	NZ_BCZE01000040.1
4143915	4146646	78323	81076	2732	2754	92.00	4164906	81077	0.07	3.40	1	NZ_BCZE01000040.1
4146686	4154296	10	7615	7611	7606	91.21	4164906	18011	0.18	42.23	1	NZ_BCZE01000110.1
4154421	4158880	7623	12062	4460	4440	92.34	4164906	18011	0.11	24.65	1	NZ_BCZE01000110.1
4159163	4164906	12272	18010	5744	5739	92.49	4164906	18011	0.14	31.86	1	NZ_BCZE01000110.1
10228	12182	3581	1627	1955	1955	88.82	2710928	110027	0.07	1.78	2	NZ_BCZE01000026.1
12808	16169	126070	129431	3362	3362	84.52	2710928	357524	0.12	0.94	2	NZ_BCZE01000001.1
16995	21634	131213	135823	4640	4611	85.89	2710928	357524	0.17	1.29	2	NZ_BCZE01000001.1
21818	23047	74295	73066	1230	1230	84.41	2710928	99333	0.05	1.24	2	NZ_BCZE01000031.1
23142	29714	331196	337804	6573	6609	89.89	2710928	357524	0.24	1.85	2	NZ_BCZE01000001.1
30657	32169	32532	30985	1513	1548	82.99	2710928	46862	0.06	3.30	2	NZ_BCZE01000064.1
35478	36824	60573	59227	1347	1347	88.30	2710928	76041	0.05	1.77	2	NZ_BCZE01000017.1
38642	46414	135835	143576	7773	7742	90.07	2710928	357524	0.29	2.17	2	NZ_BCZE01000001.1
58370	59847	50572	49087	1478	1486	89.11	2710928	112843	0.05	1.32	2	NZ_BCZE01000024.1
61020	68907	47799	39936	7888	7864	85.52	2710928	112843	0.29	6.97	2	NZ_BCZE01000024.1
69014	74087	39830	34764	5074	5067	86.60	2710928	112843	0.19	4.49	2	NZ_BCZE01000024.1
74720	78835	34186	30071	4116	4116	85.03	2710928	112843	0.15	3.65	2	NZ_BCZE01000024.1
79375	81792	29705	27230	2418	2476	83.31	2710928	112843	0.09	2.19	2	NZ_BCZE01000024.1
81948	86767	27069	22248	4820	4822	87.25	2710928	112843	0.18	4.27	2	NZ_BCZE01000024.1
87604	88654	21372	20297	1051	1076	82.89	2710928	112843	0.04	0.95	2	NZ_BCZE01000024.1
89949	99862	173346	183216	9914	9871	88.47	2710928	357524	0.37	2.76	2	NZ_BCZE01000001.1
99970	101306	183312	184648	1337	1337	88.26	2710928	357524	0.05	0.37	2	NZ_BCZE01000001.1
103123	107355	185860	190117	4233	4258	83.91	2710928	357524	0.16	1.19	2	NZ_BCZE01000001.1
107502	149489	190909	232774	41988	41866	90.24	2710928	357524	1.55	11.71	2	NZ_BCZE01000001.1
150903	156640	247517	253244	5738	5728	87.92	2710928	357524	0.21	1.60	2	NZ_BCZE01000001.1
158597	161954	19124	15750	3358	3375	83.17	2710928	29198	0.12	11.56	2	NZ_BCZE01000084.1
163738	168636	267776	272674	4899	4899	91.77	2710928	357524	0.18	1.37	2	NZ_BCZE01000001.1
168797	179940	27867	38965	11144	11099	89.08	2710928	54624	0.41	20.32	2	NZ_BCZE01000057.1
182660	184824	67497	65333	2165	2165	88.00	2710928	82751	0.08	2.62	2	NZ_BCZE01000037.1
185164	190161	61862	56809	4998	5054	89.82	2710928	82751	0.18	6.11	2	NZ_BCZE01000037.1
190211	193512	44649	47949	3302	3301	91.58	2710928	73169	0.12	4.51	2	NZ_BCZE01000016.1
193619	195228	56622	55055	1610	1568	85.85	2710928	82751	0.06	1.89	2	NZ_BCZE01000037.1
203183	206089	52088	49182	2907	2907	87.50	2710928	82751	0.11	3.51	2	NZ_BCZE01000037.1
204382	206224	9647	7799	1843	1849	81.69	2710928	21914	0.07	8.44	2	NZ_BCZE01000102.1
206577	210710	48656	44521	4134	4136	90.16	2710928	82751	0.15	5.00	2	NZ_BCZE01000037.1
210742	213461	21262	18545	2720	2718	84.99	2710928	82751	0.10	3.28	2	NZ_BCZE01000037.1
217429	218448	107584	108603	1020	1020	84.80	2710928	357524	0.04	0.29	2	NZ_BCZE01000001.1
220100	221887	4501	6288	1788	1788	89.37	2710928	82751	0.07	2.16	2	NZ_BCZE01000037.1
229218	231244	11139	13165	2027	2027	87.44	2710928	110027	0.07	1.84	2	NZ_BCZE01000026.1
234033	235071	13291	14329	1039	1039	91.93	2710928	110027	0.04	0.94	2	NZ_BCZE01000026.1
244912	246646	114739	113019	1735	1721	88.33	2710928	357524	0.06	0.48	2	NZ_BCZE01000001.1
249281	251401	3647	5752	2121	2106	86.90	2710928	21901	0.08	9.62	2	NZ_BCZE01000103.1
251623	253667	93920	95964	2045	2045	89.25	2710928	99333	0.08	2.06	2	NZ_BCZE01000031.1
264622	265779	1445	300	1158	1146	86.54	2710928	8215	0.04	13.95	2	NZ_BCZE01000139.1
265815	274425	17605	9061	8611	8545	90.25	2710928	82751	0.32	10.33	2	NZ_BCZE01000037.1
274942	276307	9041	7676	1366	1366	90.92	2710928	82751	0.05	1.65	2	NZ_BCZE01000037.1
276665	278973	5214	2900	2309	2315	88.26	2710928	112843	0.09	2.05	2	NZ_BCZE01000024.1
279520	280594	2387	1305	1075	1083	91.42	2710928	112843	0.04	0.96	2	NZ_BCZE01000024.1
280793	281908	1121	7	1116	1115	94.27	2710928	112843	0.04	0.99	2	NZ_BCZE01000024.1
281390	282733	122410	121067	1344	1344	82.68	2710928	204838	0.05	0.66	2	NZ_BCZE01000009.1
281883	289336	1	7439	7454	7439	93.06	2710928	21914	0.27	33.95	2	NZ_BCZE01000102.1
294610	296542	5896	7839	1933	1944	91.38	2710928	21901	0.07	8.88	2	NZ_BCZE01000103.1
318319	324158	73457	79277	5840	5821	89.00	2710928	357524	0.22	1.63	2	NZ_BCZE01000001.1
360716	362276	12545	14119	1561	1575	91.01	2710928	29198	0.06	5.39	2	NZ_BCZE01000084.1
365660	366669	58724	57715	1010	1010	80.63	2710928	357524	0.04	0.28	2	NZ_BCZE01000001.1
407715	409009	49508	50802	1295	1295	84.58	2710928	63295	0.05	2.05	2	NZ_BCZE01000051.1
409463	411281	20603	22421	1819	1819	87.53	2710928	102054	0.07	1.78	2	NZ_BCZE01000027.1
411589	412800	22654	23865	1212	1212	89.11	2710928	102054	0.04	1.19	2	NZ_BCZE01000027.1
413023	415998	147196	150162	2976	2967	87.42	2710928	357524	0.11	0.83	2	NZ_BCZE01000001.1
421642	433201	90221	101754	11560	11534	92.53	2710928	112287	0.43	10.27	2	NZ_BCZE01000025.1
433223	446424	11620	24832	13202	13213	88.69	2710928	357524	0.49	3.70	2	NZ_BCZE01000001.1
446497	448965	28182	25744	2469	2439	83.71	2710928	61283	0.09	3.98	2	NZ_BCZE01000054.1
453878	459891	1411	7396	6014	5986	88.26	2710928	73169	0.22	8.18	2	NZ_BCZE01000016.1
462407	463720	49985	51298	1314	1314	88.69	2710928	357524	0.05	0.37	2	NZ_BCZE01000001.1
463997	465449	51690	53142	1453	1453	91.19	2710928	357524	0.05	0.41	2	NZ_BCZE01000001.1
470849	474733	41124	37248	3885	3877	88.20	2710928	73169	0.14	5.30	2	NZ_BCZE01000016.1
517129	518873	132737	134481	1745	1745	81.93	2710928	189116	0.06	0.92	2	NZ_BCZE01000010.1
532412	534570	40831	42992	2159	2162	85.08	2710928	76041	0.08	2.84	2	NZ_BCZE01000017.1
534661	538884	24816	29039	4224	4224	89.97	2710928	357524	0.16	1.18	2	NZ_BCZE01000001.1
539036	544341	29191	34497	5306	5307	90.72	2710928	357524	0.20	1.48	2	NZ_BCZE01000001.1
547274	567201	44026	24075	19928	19952	91.16	2710928	82751	0.74	24.11	2	NZ_BCZE01000037.1
567816	570501	13924	16623	2686	2700	87.24	2710928	54624	0.10	4.94	2	NZ_BCZE01000057.1
570500	578797	26806	35095	8298	8290	91.72	2710928	35173	0.31	23.57	2	NZ_BCZE01000075.1
578803	583929	22057	16919	5127	5139	89.93	2710928	22164	0.19	23.19	2	NZ_BCZE01000101.1
587355	598181	16844	6035	10827	10810	90.73	2710928	22164	0.40	48.77	2	NZ_BCZE01000101.1
598200	601665	5079	1564	3466	3516	88.63	2710928	22164	0.13	15.86	2	NZ_BCZE01000101.1
602949	604271	37777	36455	1323	1323	90.72	2710928	62739	0.05	2.11	2	NZ_BCZE01000032.1
611582	615702	34531	30431	4121	4101	88.51	2710928	62739	0.15	6.54	2	NZ_BCZE01000032.1
617197	619999	30295	27495	2803	2801	86.31	2710928	62739	0.10	4.46	2	NZ_BCZE01000032.1
620065	622940	70190	73037	2876	2848	87.71	2710928	99333	0.11	2.87	2	NZ_BCZE01000031.1
624755	628479	53748	50027	3725	3722	86.91	2710928	54624	0.14	6.81	2	NZ_BCZE01000057.1
637349	639754	48486	46065	2406	2422	92.41	2710928	82680	0.09	2.93	2	NZ_BCZE01000038.1
668004	669090	51731	50645	1087	1087	88.61	2710928	112843	0.04	0.96	2	NZ_BCZE01000024.1
669091	670589	19500	17990	1499	1511	87.48	2710928	26322	0.06	5.74	2	NZ_BCZE01000090.1
671397	673360	40707	38744	1964	1964	85.03	2710928	76041	0.07	2.58	2	NZ_BCZE01000017.1
673529	677784	13734	17988	4256	4255	87.67	2710928	26322	0.16	16.17	2	NZ_BCZE01000090.1
683533	696438	76775	89698	12906	12924	92.16	2710928	99333	0.48	13.01	2	NZ_BCZE01000031.1
700314	702964	17165	14475	2651	2691	84.72	2710928	112843	0.10	2.38	2	NZ_BCZE01000024.1
704583	710320	12757	7057	5738	5701	88.11	2710928	112843	0.21	5.05	2	NZ_BCZE01000024.1
713281	718572	93202	98522	5292	5321	88.03	2710928	102054	0.20	5.21	2	NZ_BCZE01000027.1
719874	720890	81976	82991	1017	1016	90.31	2710928	357524	0.04	0.28	2	NZ_BCZE01000001.1
732970	741583	3243	11855	8614	8613	91.01	2710928	102054	0.32	8.44	2	NZ_BCZE01000027.1
745257	755805	321174	310614	10549	10561	90.07	2710928	357524	0.39	2.95	2	NZ_BCZE01000001.1
773491	774587	82973	84068	1097	1096	87.15	2710928	112287	0.04	0.98	2	NZ_BCZE01000025.1
861317	864659	7823	4494	3343	3330	89.82	2710928	37562	0.12	8.87	2	NZ_BCZE01000071.1
866319	870307	38819	42783	3989	3965	86.55	2710928	110027	0.15	3.60	2	NZ_BCZE01000026.1
873112	874438	8095	9410	1327	1316	88.81	2710928	26322	0.05	5.00	2	NZ_BCZE01000090.1
874512	883445	45686	54611	8934	8926	92.61	2710928	115042	0.33	7.76	2	NZ_BCZE01000020.1
889986	892391	21964	19574	2406	2391	85.63	2710928	35173	0.09	6.80	2	NZ_BCZE01000075.1
911199	913232	300458	298425	2034	2034	90.18	2710928	357524	0.08	0.57	2	NZ_BCZE01000001.1
918709	922128	22215	25637	3420	3423	83.84	2710928	29198	0.13	11.72	2	NZ_BCZE01000084.1
927168	928963	56749	54955	1796	1795	90.14	2710928	95616	0.07	1.88	2	NZ_BCZE01000015.1
933934	952391	1	18499	18458	18499	90.23	2710928	18499	0.68	100.00	2	NZ_BCZE01000109.1
952392	953996	1612	8	1605	1605	90.82	2710928	1612	0.06	99.57	2	NZ_BCZE01000167.1
954005	959083	1	5048	5079	5048	90.92	2710928	99629	0.19	5.07	2	NZ_BCZE01000029.1
959180	960348	5166	6335	1169	1170	93.25	2710928	99629	0.04	1.17	2	NZ_BCZE01000029.1
961602	962683	6769	7850	1082	1082	87.81	2710928	99629	0.04	1.09	2	NZ_BCZE01000029.1
973521	975019	128717	127223	1499	1495	88.31	2710928	128717	0.06	1.16	2	NZ_BCZE01000022.1
1024864	1026015	43225	44376	1152	1152	83.12	2710928	45970	0.04	2.51	2	NZ_BCZE01000065.1
1026131	1027363	44492	45724	1233	1233	83.15	2710928	45970	0.05	2.68	2	NZ_BCZE01000065.1
1067210	1068577	53609	54979	1368	1371	84.84	2710928	142095	0.05	0.96	2	NZ_BCZE01000003.1
1136330	1137868	33601	32063	1539	1539	90.39	2710928	102054	0.06	1.51	2	NZ_BCZE01000027.1
1137958	1139566	8048	9672	1609	1625	85.12	2710928	99629	0.06	1.63	2	NZ_BCZE01000029.1
1147000	1148040	504	1533	1041	1030	86.43	2710928	99591	0.04	1.03	2	NZ_BCZE01000030.1
1202925	1204113	25603	24415	1189	1189	84.96	2710928	128717	0.04	0.92	2	NZ_BCZE01000022.1
1205483	1207809	13893	16217	2327	2325	90.10	2710928	46862	0.09	4.96	2	NZ_BCZE01000064.1
1209212	1210457	17339	18520	1246	1182	88.87	2710928	46862	0.05	2.52	2	NZ_BCZE01000064.1
1210992	1213603	18890	21473	2612	2584	90.52	2710928	46862	0.10	5.51	2	NZ_BCZE01000064.1
1216718	1220810	11526	15615	4093	4090	87.96	2710928	92892	0.15	4.40	2	NZ_BCZE01000035.1
1224231	1229392	1490	6621	5162	5132	89.46	2710928	29198	0.19	17.58	2	NZ_BCZE01000084.1
1230888	1231948	4920	5980	1061	1061	80.86	2710928	32217	0.04	3.29	2	NZ_BCZE01000080.1
1232069	1233198	6101	7230	1130	1130	85.20	2710928	32217	0.04	3.51	2	NZ_BCZE01000080.1
1241561	1243113	107482	105920	1553	1563	89.33	2710928	357524	0.06	0.44	2	NZ_BCZE01000001.1
1243275	1246923	89173	85522	3649	3652	90.30	2710928	357524	0.13	1.02	2	NZ_BCZE01000001.1
1247590	1248975	85437	84061	1386	1377	89.90	2710928	357524	0.05	0.39	2	NZ_BCZE01000001.1
1252415	1257662	20248	25574	5248	5327	87.98	2710928	51744	0.19	10.29	2	NZ_BCZE01000059.1
1268540	1275338	38233	31402	6799	6832	89.56	2710928	63295	0.25	10.79	2	NZ_BCZE01000051.1
1293283	1294308	20308	19283	1026	1026	87.35	2710928	102054	0.04	1.01	2	NZ_BCZE01000027.1
1301561	1302626	33514	34572	1066	1059	83.30	2710928	65454	0.04	1.62	2	NZ_BCZE01000050.1
1307257	1308348	4684	5775	1092	1092	87.65	2710928	60688	0.04	1.80	2	NZ_BCZE01000008.1
1313616	1315266	70722	72371	1651	1650	92.61	2710928	82680	0.06	2.00	2	NZ_BCZE01000038.1
1331042	1333841	79881	82679	2800	2799	92.04	2710928	82680	0.10	3.39	2	NZ_BCZE01000038.1
1333935	1336018	2079	1	2084	2079	92.38	2710928	2079	0.08	100.00	2	NZ_BCZE01000162.1
1333936	1336017	2078	2	2082	2077	91.70	2710928	2079	0.08	99.90	2	NZ_BCZE01000163.1
1336408	1340065	1	3678	3658	3678	89.12	2710928	53802	0.13	6.84	2	NZ_BCZE01000058.1
1342179	1343804	9831	11455	1626	1625	91.71	2710928	53802	0.06	3.02	2	NZ_BCZE01000058.1
1342188	1343823	2091	456	1636	1636	93.15	2710928	14728	0.06	11.11	2	NZ_BCZE01000119.1
1382612	1385416	46978	44173	2805	2806	88.36	2710928	112287	0.10	2.50	2	NZ_BCZE01000025.1
1385527	1389990	43183	38720	4464	4464	88.28	2710928	112287	0.16	3.98	2	NZ_BCZE01000025.1
1396081	1398238	66847	69005	2158	2159	88.94	2710928	82680	0.08	2.61	2	NZ_BCZE01000038.1
1399449	1401986	59060	61597	2538	2538	89.81	2710928	113239	0.09	2.24	2	NZ_BCZE01000023.1
1402462	1405997	62027	65562	3536	3536	88.19	2710928	113239	0.13	3.12	2	NZ_BCZE01000023.1
1406363	1408449	65923	68009	2087	2087	82.95	2710928	113239	0.08	1.84	2	NZ_BCZE01000023.1
1409318	1410518	68880	70084	1201	1205	85.35	2710928	113239	0.04	1.06	2	NZ_BCZE01000023.1
1411154	1412921	78262	80029	1768	1768	85.66	2710928	113239	0.07	1.56	2	NZ_BCZE01000023.1
1413188	1415532	80352	82711	2345	2360	88.65	2710928	113239	0.09	2.08	2	NZ_BCZE01000023.1
1415492	1418550	82960	86018	3059	3059	92.81	2710928	113239	0.11	2.70	2	NZ_BCZE01000023.1
1420513	1424219	58693	62406	3707	3714	89.99	2710928	82680	0.14	4.49	2	NZ_BCZE01000038.1
1425391	1427446	53529	51474	2056	2056	86.55	2710928	112287	0.08	1.83	2	NZ_BCZE01000025.1
1427583	1429814	51337	49106	2232	2232	85.29	2710928	112287	0.08	1.99	2	NZ_BCZE01000025.1
1453762	1455365	24002	22410	1604	1593	83.08	2710928	45594	0.06	3.49	2	NZ_BCZE01000066.1
1455512	1456693	22280	21099	1182	1182	87.32	2710928	45594	0.04	2.59	2	NZ_BCZE01000066.1
1456807	1461995	20979	15814	5189	5166	86.22	2710928	45594	0.19	11.33	2	NZ_BCZE01000066.1
1467307	1469279	62846	64818	1973	1973	87.06	2710928	82680	0.07	2.39	2	NZ_BCZE01000038.1
1478225	1479617	2045	653	1393	1393	90.34	2710928	45594	0.05	3.06	2	NZ_BCZE01000066.1
1487765	1488855	46016	44926	1091	1091	82.47	2710928	136401	0.04	0.80	2	NZ_BCZE01000021.1
1578579	1579598	991	2010	1020	1020	90.71	2710928	45594	0.04	2.24	2	NZ_BCZE01000066.1
1673784	1675066	2	1284	1283	1283	92.67	2710928	2527	0.05	50.77	2	NZ_BCZE01000160.1
1709884	1711553	79114	80783	1670	1670	83.79	2710928	128717	0.06	1.30	2	NZ_BCZE01000022.1
1713501	1716344	82779	85622	2844	2844	82.81	2710928	128717	0.10	2.21	2	NZ_BCZE01000022.1
1714531	1716307	127759	125986	1777	1774	80.38	2710928	136325	0.07	1.30	2	NZ_BCZE01000012.1
1745116	1755344	39770	49978	10229	10209	91.53	2710928	54624	0.38	18.69	2	NZ_BCZE01000057.1
1755435	1764972	331075	321538	9538	9538	89.51	2710928	357524	0.35	2.67	2	NZ_BCZE01000001.1
1776587	1777605	23199	22181	1019	1019	83.86	2710928	35173	0.04	2.90	2	NZ_BCZE01000075.1
1782547	1783693	6540	7687	1147	1148	83.99	2710928	11663	0.04	9.84	2	NZ_BCZE01000129.1
1798362	1802327	8871	4883	3966	3989	87.78	2710928	45594	0.15	8.75	2	NZ_BCZE01000066.1
1804138	1808378	4247	1	4241	4247	86.79	2710928	45594	0.16	9.31	2	NZ_BCZE01000066.1
1810811	1811869	19006	20064	1059	1059	88.76	2710928	113239	0.04	0.94	2	NZ_BCZE01000023.1
1813030	1816178	23492	26654	3149	3163	90.99	2710928	113239	0.12	2.79	2	NZ_BCZE01000023.1
1816553	1830657	27029	41157	14105	14129	90.07	2710928	113239	0.52	12.48	2	NZ_BCZE01000023.1
1830951	1832297	43759	45105	1347	1347	86.24	2710928	113239	0.05	1.19	2	NZ_BCZE01000023.1
1832514	1833909	41446	42844	1396	1399	89.79	2710928	113239	0.05	1.24	2	NZ_BCZE01000023.1
1845753	1852074	73347	67024	6322	6324	90.86	2710928	357524	0.23	1.77	2	NZ_BCZE01000001.1
1855918	1857767	64596	62747	1850	1850	90.43	2710928	102054	0.07	1.81	2	NZ_BCZE01000027.1
1857902	1858969	45704	44637	1068	1068	86.34	2710928	102054	0.04	1.05	2	NZ_BCZE01000027.1
1859381	1861522	44187	42046	2142	2142	91.37	2710928	102054	0.08	2.10	2	NZ_BCZE01000027.1
1861644	1863943	41931	39632	2300	2300	90.53	2710928	102054	0.08	2.25	2	NZ_BCZE01000027.1
1864564	1870578	39638	33624	6015	6015	91.43	2710928	102054	0.22	5.89	2	NZ_BCZE01000027.1
1871078	1878505	8064	674	7428	7391	87.43	2710928	23896	0.27	30.93	2	NZ_BCZE01000098.1
1909025	1910503	176367	177845	1479	1479	88.39	2710928	204838	0.05	0.72	2	NZ_BCZE01000009.1
1912764	1914354	52234	50644	1591	1591	90.14	2710928	99629	0.06	1.60	2	NZ_BCZE01000029.1
1955274	1956923	33956	35605	1650	1650	89.23	2710928	115042	0.06	1.43	2	NZ_BCZE01000020.1
1962882	1970271	34134	26724	7390	7411	89.53	2710928	60688	0.27	12.21	2	NZ_BCZE01000008.1
1970450	1973372	58102	55203	2923	2900	89.51	2710928	113239	0.11	2.56	2	NZ_BCZE01000023.1
1978193	1989405	247293	236052	11213	11242	89.60	2710928	357524	0.41	3.14	2	NZ_BCZE01000001.1
2016190	2018974	13708	10927	2785	2782	90.37	2710928	21914	0.10	12.70	2	NZ_BCZE01000102.1
2019580	2022640	7722	10767	3061	3046	81.14	2710928	21914	0.11	13.90	2	NZ_BCZE01000102.1
2025051	2026633	3216	1634	1583	1583	87.22	2710928	102054	0.06	1.55	2	NZ_BCZE01000027.1
2032133	2037506	13905	19288	5374	5384	92.59	2710928	82680	0.20	6.51	2	NZ_BCZE01000038.1
2042136	2046228	59615	55494	4093	4122	87.64	2710928	102054	0.15	4.04	2	NZ_BCZE01000027.1
2046347	2047905	55376	53831	1559	1546	82.42	2710928	102054	0.06	1.51	2	NZ_BCZE01000027.1
2048811	2050007	52867	51671	1197	1197	89.24	2710928	102054	0.04	1.17	2	NZ_BCZE01000027.1
2050405	2053126	50388	47667	2722	2722	92.58	2710928	102054	0.10	2.67	2	NZ_BCZE01000027.1
2053668	2055001	47129	45796	1334	1334	86.90	2710928	102054	0.05	1.31	2	NZ_BCZE01000027.1
2055303	2059601	65917	61616	4299	4302	88.93	2710928	74536	0.16	5.77	2	NZ_BCZE01000043.1
2060240	2061761	60986	59468	1522	1519	83.75	2710928	74536	0.06	2.04	2	NZ_BCZE01000043.1
2064713	2066569	31717	33575	1857	1859	85.36	2710928	35369	0.07	5.26	2	NZ_BCZE01000073.1
2067052	2068371	81927	80608	1320	1320	89.55	2710928	357524	0.05	0.37	2	NZ_BCZE01000001.1
2071439	2073429	15336	13355	1991	1982	87.72	2710928	45594	0.07	4.35	2	NZ_BCZE01000066.1
2073599	2077691	13156	9062	4093	4095	88.39	2710928	45594	0.15	8.98	2	NZ_BCZE01000066.1
2097774	2099556	52205	53987	1783	1783	90.54	2710928	95616	0.07	1.86	2	NZ_BCZE01000015.1
2105420	2109199	11451	15257	3780	3807	88.95	2710928	31587	0.14	12.05	2	NZ_BCZE01000081.1
2116575	2121893	120118	114795	5319	5324	90.85	2710928	357524	0.20	1.49	2	NZ_BCZE01000001.1
2174452	2176758	11084	13402	2307	2319	91.99	2710928	82680	0.09	2.80	2	NZ_BCZE01000038.1
2199713	2201140	18005	16575	1428	1431	85.34	2710928	110027	0.05	1.30	2	NZ_BCZE01000026.1
2201151	2211408	13820	3572	10258	10249	89.32	2710928	54624	0.38	18.76	2	NZ_BCZE01000057.1
2211550	2213895	3340	1005	2346	2336	89.85	2710928	54624	0.09	4.28	2	NZ_BCZE01000057.1
2213908	2214963	16394	15339	1056	1056	89.77	2710928	110027	0.04	0.96	2	NZ_BCZE01000026.1
2215150	2225818	11438	754	10669	10685	88.47	2710928	30414	0.39	35.13	2	NZ_BCZE01000083.1
2227857	2229071	357524	356310	1215	1215	90.86	2710928	357524	0.04	0.34	2	NZ_BCZE01000001.1
2229122	2230871	25425	27174	1750	1750	90.59	2710928	101923	0.06	1.72	2	NZ_BCZE01000028.1
2230948	2236259	159781	165080	5312	5300	88.98	2710928	204838	0.20	2.59	2	NZ_BCZE01000009.1
2236556	2237964	99321	100729	1409	1409	83.07	2710928	113239	0.05	1.24	2	NZ_BCZE01000023.1
2240902	2242165	8051	6829	1264	1223	82.23	2710928	26322	0.05	4.65	2	NZ_BCZE01000090.1
2243699	2245737	93873	91858	2039	2016	90.20	2710928	99333	0.08	2.03	2	NZ_BCZE01000031.1
2264761	2270011	33579	38821	5251	5243	89.56	2710928	82680	0.19	6.34	2	NZ_BCZE01000038.1
2311051	2313839	51095	53869	2789	2775	93.01	2710928	53901	0.10	5.15	2	NZ_BCZE01000014.1
2331304	2332503	40736	39543	1200	1194	84.26	2710928	63295	0.04	1.89	2	NZ_BCZE01000051.1
2340613	2342569	61305	59349	1957	1957	93.15	2710928	63295	0.07	3.09	2	NZ_BCZE01000051.1
2381007	2382286	34281	35559	1280	1279	85.80	2710928	73169	0.05	1.75	2	NZ_BCZE01000016.1
2400866	2402441	1542	2	1576	1541	89.23	2710928	110027	0.06	1.40	2	NZ_BCZE01000026.1
2403902	2405492	1574	1	1591	1574	89.27	2710928	2233	0.06	70.49	2	NZ_BCZE01000161.1
2405463	2414177	76041	67402	8715	8640	88.49	2710928	76041	0.32	11.36	2	NZ_BCZE01000017.1
2414349	2416048	67286	65605	1700	1682	86.38	2710928	76041	0.06	2.21	2	NZ_BCZE01000017.1
2416629	2421920	5486	219	5292	5268	89.27	2710928	19606	0.20	26.87	2	NZ_BCZE01000108.1
2421956	2426479	15672	20189	4524	4518	89.84	2710928	20189	0.17	22.38	2	NZ_BCZE01000107.1
2426432	2429768	1	3337	3337	3337	93.83	2710928	37562	0.12	8.88	2	NZ_BCZE01000071.1
2429817	2431809	73870	75895	1993	2026	90.39	2710928	82680	0.07	2.45	2	NZ_BCZE01000038.1
2432971	2435590	76260	78866	2620	2607	91.97	2710928	82680	0.10	3.15	2	NZ_BCZE01000038.1
2435785	2437388	59226	57635	1604	1592	85.61	2710928	76041	0.06	2.09	2	NZ_BCZE01000017.1
2437400	2441675	34788	39061	4276	4274	86.95	2710928	95997	0.16	4.45	2	NZ_BCZE01000034.1
2437420	2438423	38546	37545	1004	1002	79.29	2710928	51744	0.04	1.94	2	NZ_BCZE01000059.1
2439090	2440444	57625	56263	1355	1363	89.90	2710928	76041	0.05	1.79	2	NZ_BCZE01000017.1
2442697	2444161	40089	41553	1465	1465	83.12	2710928	95997	0.05	1.53	2	NZ_BCZE01000034.1
2444213	2446587	56027	53642	2375	2386	91.71	2710928	76041	0.09	3.14	2	NZ_BCZE01000017.1
2446617	2456274	52685	43039	9658	9647	91.84	2710928	76041	0.36	12.69	2	NZ_BCZE01000017.1
2457136	2473594	105782	89294	16459	16489	89.92	2710928	357524	0.61	4.61	2	NZ_BCZE01000001.1
2477548	2480903	14636	17980	3356	3345	88.14	2710928	73169	0.12	4.57	2	NZ_BCZE01000016.1
2481028	2494284	18105	31395	13257	13291	90.78	2710928	73169	0.49	18.16	2	NZ_BCZE01000016.1
2494280	2499973	17582	11888	5694	5695	89.74	2710928	102054	0.21	5.58	2	NZ_BCZE01000027.1
2502987	2508356	5366	3	5370	5364	89.21	2710928	26322	0.20	20.38	2	NZ_BCZE01000090.1
2508339	2511107	1	2769	2769	2769	90.95	2710928	31587	0.10	8.77	2	NZ_BCZE01000081.1
2512963	2515555	2784	5378	2593	2595	90.20	2710928	31587	0.10	8.22	2	NZ_BCZE01000081.1
2517294	2519885	5422	8014	2592	2593	91.42	2710928	31587	0.10	8.21	2	NZ_BCZE01000081.1
2520776	2523274	8490	10976	2499	2487	92.01	2710928	31587	0.09	7.87	2	NZ_BCZE01000081.1
2523781	2525330	112949	111401	1550	1549	87.77	2710928	357524	0.06	0.43	2	NZ_BCZE01000001.1
2530383	2532698	44481	46861	2316	2381	86.12	2710928	46862	0.09	5.08	2	NZ_BCZE01000064.1
2532659	2542036	9421	34	9378	9388	90.69	2710928	9421	0.35	99.65	2	NZ_BCZE01000134.1
2542529	2545162	47401	44765	2634	2637	90.61	2710928	48307	0.10	5.46	2	NZ_BCZE01000062.1
2545292	2546579	38654	37370	1288	1285	88.28	2710928	76041	0.05	1.69	2	NZ_BCZE01000017.1
2548012	2549577	155261	153697	1566	1565	92.47	2710928	204838	0.06	0.76	2	NZ_BCZE01000009.1
2566233	2570421	125484	121297	4189	4188	88.03	2710928	357524	0.15	1.17	2	NZ_BCZE01000001.1
2571443	2573023	37941	39521	1581	1581	83.25	2710928	115042	0.06	1.37	2	NZ_BCZE01000020.1
2575674	2577663	51676	49672	1990	2005	90.20	2710928	95616	0.07	2.10	2	NZ_BCZE01000015.1
2582030	2587899	2	5880	5870	5879	89.94	2710928	21647	0.22	27.16	2	NZ_BCZE01000104.1
2589513	2592364	12055	14906	2852	2852	88.68	2710928	21647	0.11	13.18	2	NZ_BCZE01000104.1
2592691	2596105	60889	64334	3415	3446	84.94	2710928	115042	0.13	3.00	2	NZ_BCZE01000020.1
2596130	2603187	32576	39647	7058	7072	90.91	2710928	46862	0.26	15.09	2	NZ_BCZE01000064.1
2603316	2607845	39777	44285	4530	4509	88.18	2710928	46862	0.17	9.62	2	NZ_BCZE01000064.1
2610311	2612097	1055	2841	1787	1787	89.60	2710928	7977	0.07	22.40	2	NZ_BCZE01000141.1
2613083	2615493	233548	235960	2411	2413	90.81	2710928	357524	0.09	0.67	2	NZ_BCZE01000001.1
2617452	2624011	66871	60329	6560	6543	86.93	2710928	357524	0.24	1.83	2	NZ_BCZE01000001.1
2640954	2645863	50514	45679	4910	4836	88.03	2710928	99629	0.18	4.85	2	NZ_BCZE01000029.1
2679097	2681785	1211	3908	2689	2698	84.25	2710928	56054	0.10	4.81	2	NZ_BCZE01000056.1
2679099	2682253	62415	65566	3155	3152	90.42	2710928	76041	0.12	4.15	2	NZ_BCZE01000017.1
2688057	2689249	9834	8642	1193	1193	85.92	2710928	29198	0.04	4.09	2	NZ_BCZE01000084.1
2689638	2692899	21900	18670	3262	3231	87.39	2710928	21901	0.12	14.75	2	NZ_BCZE01000103.1
2693004	2697545	18565	14024	4542	4542	88.84	2710928	21901	0.17	20.74	2	NZ_BCZE01000103.1
2698219	2701087	13724	10853	2869	2872	89.54	2710928	21901	0.11	13.11	2	NZ_BCZE01000103.1
2701259	2702855	10723	9120	1597	1604	83.22	2710928	21901	0.06	7.32	2	NZ_BCZE01000103.1
